TOUCH   waitFrame = 6
91,199,0,0,CENTER,0,TOUCH,-1
113,201,22,2,EAST,5.194429,SWIPE,-1
125,201,12,0,EAST,0,SWIPE,-1
155,215,30,14,NORTHEAST,25.01689,SWIPE,-1
173,255,18,40,NORTHEAST,65.77225,SWIPE,-1
205,289,32,34,NORTHEAST,46.73571,SWIPE,-1
205,325,0,36,NORTH,90,SWIPE,-1
165,355,-40,30,NORTHWEST,143.1301,SWIPE,-1
89,367,-76,12,WEST,171.0274,SWIPE,-1
57,353,-32,-14,SOUTHWEST,-156.3706,SWIPE,-1
61,297,4,-56,SOUTH,-85.91438,SWIPE,-1
141,251,80,-46,SOUTHEAST,-29.8989,SWIPE,-1
229,201,88,-50,SOUTHEAST,-29.60445,SWIPE,-1
229,181,0,-20,SOUTH,-90,SWIPE,19
195,149,-34,-32,SOUTHWEST,-136.7357,SWIPE,19
79,125,-116,-24,WEST,-168.3106,SWIPE,19
53,149,-26,24,NORTHWEST,137.2906,SWIPE,19
55,203,2,54,NORTH,87.8789,SWIPE,19
115,255,60,52,NORTHEAST,40.91438,SWIPE,19
211,325,96,70,NORTHEAST,36.09829,SWIPE,19
229,367,18,42,NORTHEAST,66.80141,SWIPE,19
213,431,-16,64,NORTH,104.0362,SWIPE,19
163,467,-50,36,NORTHWEST,144.2461,SWIPE,19
89,461,-74,-6,WEST,-175.3645,SWIPE,19
63,425,-26,-36,SOUTHWEST,-125.8377,SWIPE,19
87,367,24,-58,SOUTH,-67.52057,SWIPE,19
163,311,76,-56,SOUTHEAST,-36.38435,SWIPE,19
227,217,64,-94,SOUTHEAST,-55.75097,SWIPE,19
217,175,-10,-42,SOUTH,-103.3925,SWIPE,19
137,153,-80,-22,WEST,-164.6237,SWIPE,19
67,169,-70,16,WEST,167.125,SWIPE,19
45,237,-22,68,NORTH,107.9279,SWIPE,19
69,283,24,46,NORTHEAST,62.44719,SWIPE,19
151,343,82,60,NORTHEAST,36.19321,SWIPE,20
197,425,46,82,NORTHEAST,60.70864,SWIPE,20
193,441,-4,16,NORTH,104.0362,SWIPE,20
147,481,-46,40,NORTHWEST,138.9909,SWIPE,20
79,487,-68,6,WEST,174.9576,SWIPE,20
67,427,-12,-60,SOUTH,-101.3099,SWIPE,20
105,387,38,-40,SOUTHEAST,-46.4688,SWIPE,20
205,315,100,-72,SOUTHEAST,-35.75389,SWIPE,20
267,251,62,-64,SOUTHEAST,-45.90938,SWIPE,20
249,199,-18,-52,SOUTH,-109.0935,SWIPE,20
199,177,-50,-22,SOUTHWEST,-156.2505,SWIPE,20
137,179,-62,2,WEST,178.1524,SWIPE,20
111,219,-26,40,NORTHWEST,123.0239,SWIPE,20
143,307,32,88,NORTH,70.01689,SWIPE,20
187,359,44,52,NORTHEAST,49.76364,SWIPE,20
233,401,46,42,NORTHEAST,42.39744,SWIPE,20
239,423,6,22,NORTH,74.74489,SWIPE,20
203,427,-36,4,WEST,173.6598,SWIPE,20
111,423,-92,-4,WEST,-177.5104,SWIPE,20
99,371,-12,-52,SOUTH,-102.9946,SWIPE,20
215,285,116,-86,SOUTHEAST,-36.55247,SWIPE,20
257,261,42,-24,SOUTHEAST,-29.74488,SWIPE,20
247,255,-10,-6,SOUTHWEST,-149.0362,SWIPE,20
169,231,-78,-24,WEST,-162.8973,SWIPE,20
91,159,-78,-72,SOUTHWEST,-137.2906,SWIPE,20
111,129,20,-30,SOUTHEAST,-56.30993,SWIPE,20
185,107,74,-22,EAST,-16.55707,SWIPE,20
257,141,72,34,NORTHEAST,25.27772,SWIPE,20
183,211,-74,70,NORTHWEST,136.5911,SWIPE,20
149,229,-34,18,NORTHWEST,152.1027,SWIPE,20
61,243,-88,14,WEST,170.9605,SWIPE,20
107,199,46,-44,SOUTHEAST,-43.72697,SWIPE,20
227,175,120,-24,EAST,-11.30993,SWIPE,20
219,191,-8,16,NORTHWEST,116.565,SWIPE,20
119,213,-100,22,WEST,167.5926,SWIPE,20
95,181,-24,-32,SOUTHWEST,-126.8699,SWIPE,20
217,145,122,-36,EAST,-16.44038,SWIPE,20
265,169,48,24,NORTHEAST,26.56505,SWIPE,20
213,245,-52,76,NORTHWEST,124.3803,SWIPE,20
127,255,-86,10,WEST,173.3675,SWIPE,20
159,211,32,-44,SOUTHEAST,-53.97263,SWIPE,20
247,211,88,0,EAST,0,SWIPE,20
271,259,24,48,NORTHEAST,63.43495,SWIPE,20
189,329,-82,70,NORTHWEST,139.514,SWIPE,20
105,387,-84,58,NORTHWEST,145.3759,SWIPE,20
49,449,-56,62,NORTHWEST,132.0892,SWIPE,20
SEPARATE   holdFrame = 79
TOUCH   waitFrame = 19
85,169,0,0,CENTER,0,TOUCH,-1
85,169,0,0,CENTER,0,SWIPE,-1
85,169,0,0,CENTER,0,SWIPE,-1
85,169,0,0,CENTER,0,SWIPE,-1
85,169,0,0,CENTER,0,SWIPE,-1
87,169,2,0,EAST,0,SWIPE,-1
145,161,58,-8,EAST,-7.853313,SWIPE,-1
187,153,42,-8,EAST,-10.7843,SWIPE,-1
259,143,72,-10,EAST,-7.907162,SWIPE,-1
265,141,6,-2,EAST,-18.43495,SWIPE,-1
269,141,4,0,EAST,0,SWIPE,-1
269,141,0,0,EAST,0,SWIPE,-1
269,141,0,0,EAST,0,SWIPE,-1
269,141,0,0,EAST,0,SWIPE,-1
267,141,-2,0,WEST,180,SWIPE,-1
263,151,-4,10,NORTH,111.8014,SWIPE,-1
253,183,-10,32,NORTH,107.354,SWIPE,-1
251,193,-2,10,NORTH,101.3099,SWIPE,-1
243,229,-8,36,NORTH,102.5288,SWIPE,-1
241,249,-2,20,NORTH,95.71059,SWIPE,-1
239,275,-2,26,NORTH,94.3987,SWIPE,-1
237,289,-2,14,NORTH,98.1301,SWIPE,-1
233,313,-4,24,NORTH,99.46233,SWIPE,42
227,327,-6,14,NORTHWEST,113.1986,SWIPE,42
215,341,-12,14,NORTHWEST,130.6013,SWIPE,42
215,341,0,0,NORTHWEST,130.6013,SWIPE,42
215,341,0,0,NORTHWEST,130.6013,SWIPE,42
203,337,-12,-4,WEST,-161.565,SWIPE,42
185,327,-18,-10,SOUTHWEST,-150.9454,SWIPE,42
151,303,-34,-24,SOUTHWEST,-144.7824,SWIPE,42
141,289,-10,-14,SOUTHWEST,-125.5377,SWIPE,42
137,269,-4,-20,SOUTH,-101.3099,SWIPE,42
149,233,12,-36,SOUTH,-71.56505,SWIPE,42
155,221,6,-12,SOUTHEAST,-63.43495,SWIPE,42
171,193,16,-28,SOUTHEAST,-60.25512,SWIPE,42
191,165,20,-28,SOUTHEAST,-54.46232,SWIPE,42
195,157,4,-8,SOUTHEAST,-63.43495,SWIPE,42
191,155,-4,-2,SOUTHWEST,-153.435,SWIPE,42
175,155,-16,0,WEST,180,SWIPE,42
137,157,-38,2,WEST,176.9872,SWIPE,42
73,177,-64,20,WEST,162.646,SWIPE,42
65,181,-8,4,NORTHWEST,153.435,SWIPE,42
49,199,-16,18,NORTHWEST,131.6335,SWIPE,42
49,211,0,12,NORTH,90,SWIPE,42
71,229,22,18,NORTHEAST,39.28941,SWIPE,42
99,239,28,10,EAST,19.65382,SWIPE,42
153,257,54,18,EAST,18.43495,SWIPE,42
181,269,28,12,NORTHEAST,23.19859,SWIPE,42
207,299,26,30,NORTHEAST,49.08562,SWIPE,42
209,309,2,10,NORTH,78.69007,SWIPE,42
207,339,-2,30,NORTH,93.81408,SWIPE,42
195,361,-12,22,NORTHWEST,118.6105,SWIPE,42
171,387,-24,26,NORTHWEST,132.7094,SWIPE,42
151,401,-20,14,NORTHWEST,145.008,SWIPE,42
129,405,-22,4,WEST,169.6951,SWIPE,42
123,405,-6,0,WEST,180,SWIPE,42
117,391,-6,-14,SOUTHWEST,-113.1986,SWIPE,42
117,381,0,-10,SOUTH,-90,SWIPE,42
135,357,18,-24,SOUTHEAST,-53.1301,SWIPE,42
153,343,18,-14,SOUTHEAST,-37.87498,SWIPE,42
195,323,42,-20,SOUTHEAST,-25.46334,SWIPE,42
233,309,38,-14,EAST,-20.22486,SWIPE,42
245,301,12,-8,SOUTHEAST,-33.69007,SWIPE,42
245,299,0,-2,SOUTH,-90,SWIPE,42
239,283,-6,-16,SOUTH,-110.556,SWIPE,42
227,271,-12,-12,SOUTHWEST,-135,SWIPE,42
209,259,-18,-12,SOUTHWEST,-146.3099,SWIPE,42
191,245,-18,-14,SOUTHWEST,-142.125,SWIPE,42
159,217,-32,-28,SOUTHWEST,-138.8141,SWIPE,42
143,203,-16,-14,SOUTHWEST,-138.8141,SWIPE,42
117,175,-26,-28,SOUTHWEST,-132.8789,SWIPE,42
107,149,-10,-26,SOUTH,-111.0375,SWIPE,49
107,141,0,-8,SOUTH,-90,SWIPE,49
107,141,0,0,SOUTH,-90,SWIPE,49
107,155,0,14,NORTH,90,SWIPE,49
107,175,0,20,NORTH,90,SWIPE,49
101,215,-6,40,NORTH,98.53077,SWIPE,49
83,255,-18,40,NORTHWEST,114.2277,SWIPE,49
73,277,-10,22,NORTHWEST,114.444,SWIPE,49
69,303,-4,26,NORTH,98.74616,SWIPE,49
71,343,2,40,NORTH,87.1376,SWIPE,49
77,349,6,6,NORTHEAST,45,SWIPE,49
95,371,18,22,NORTHEAST,50.71059,SWIPE,49
113,379,18,8,NORTHEAST,23.96249,SWIPE,49
157,385,44,6,EAST,7.765166,SWIPE,49
207,393,50,8,EAST,9.090277,SWIPE,49
225,403,18,10,NORTHEAST,29.0546,SWIPE,49
233,411,8,8,NORTHEAST,45,SWIPE,49
235,427,2,16,NORTH,82.87498,SWIPE,49
231,433,-4,6,NORTHWEST,123.6901,SWIPE,49
213,449,-18,16,NORTHWEST,138.3665,SWIPE,49
191,461,-22,12,NORTHWEST,151.3895,SWIPE,49
137,471,-54,10,WEST,169.5085,SWIPE,49
109,473,-28,2,WEST,175.9144,SWIPE,49
83,469,-26,-4,WEST,-171.2538,SWIPE,49
77,461,-6,-8,SOUTHWEST,-126.8699,SWIPE,49
85,425,8,-36,SOUTH,-77.4712,SWIPE,49
101,401,16,-24,SOUTHEAST,-56.30993,SWIPE,49
121,379,20,-22,SOUTHEAST,-47.72631,SWIPE,49
153,351,32,-28,SOUTHEAST,-41.18592,SWIPE,49
175,337,22,-14,SOUTHEAST,-32.47119,SWIPE,49
197,311,22,-26,SOUTHEAST,-49.76364,SWIPE,49
201,301,4,-10,SOUTH,-68.19859,SWIPE,49
203,283,2,-18,SOUTH,-83.65981,SWIPE,49
197,245,-6,-38,SOUTH,-98.97263,SWIPE,49
191,239,-6,-6,SOUTHWEST,-135,SWIPE,49
179,233,-12,-6,SOUTHWEST,-153.435,SWIPE,49
145,231,-34,-2,WEST,-176.6335,SWIPE,49
119,237,-26,6,WEST,167.0054,SWIPE,49
81,253,-38,16,NORTHWEST,157.1663,SWIPE,49
61,267,-20,14,NORTHWEST,145.008,SWIPE,49
41,295,-20,28,NORTHWEST,125.5377,SWIPE,49
33,345,-8,50,NORTH,99.09028,SWIPE,49
35,355,2,10,NORTH,78.69007,SWIPE,49
47,371,12,16,NORTHEAST,53.1301,SWIPE,49
87,395,40,24,NORTHEAST,30.96376,SWIPE,49
123,407,36,12,EAST,18.43495,SWIPE,49
183,415,60,8,EAST,7.594644,SWIPE,49
205,417,22,2,EAST,5.194429,SWIPE,49
221,415,16,-2,EAST,-7.125017,SWIPE,49
229,399,8,-16,SOUTHEAST,-63.43495,SWIPE,49
233,391,4,-8,SOUTHEAST,-63.43495,SWIPE,50
237,371,4,-20,SOUTH,-78.69007,SWIPE,50
239,331,2,-40,SOUTH,-87.1376,SWIPE,50
241,293,2,-38,SOUTH,-86.98721,SWIPE,50
239,255,-2,-38,SOUTH,-93.01279,SWIPE,50
229,237,-10,-18,SOUTHWEST,-119.0546,SWIPE,50
219,227,-10,-10,SOUTHWEST,-135,SWIPE,50
167,205,-52,-22,SOUTHWEST,-157.0679,SWIPE,50
155,205,-12,0,WEST,180,SWIPE,50
119,207,-36,2,WEST,176.8202,SWIPE,50
55,227,-64,20,WEST,162.646,SWIPE,50
31,243,-24,16,NORTHWEST,146.3099,SWIPE,50
11,255,-20,12,NORTHWEST,149.0362,SWIPE,50
1,265,-10,10,NORTHWEST,149.0362,SWIPE,50
1,267,0,2,NORTH,90,SWIPE,50
1,267,0,0,NORTH,90,SWIPE,50
9,265,8,-2,EAST,-14.03624,SWIPE,50
35,249,26,-16,SOUTHEAST,-31.6075,SWIPE,50
57,233,22,-16,SOUTHEAST,-36.02737,SWIPE,50
91,203,34,-30,SOUTHEAST,-41.42367,SWIPE,50
125,167,34,-36,SOUTHEAST,-46.63658,SWIPE,50
145,147,20,-20,SOUTHEAST,-46.63658,SWIPE,50
163,137,18,-10,SOUTHEAST,-29.0546,SWIPE,50
203,131,40,-6,EAST,-8.530766,SWIPE,50
221,133,18,2,EAST,6.340192,SWIPE,50
239,145,18,12,NORTHEAST,33.69007,SWIPE,50
265,167,26,22,NORTHEAST,40.23636,SWIPE,50
275,191,10,24,NORTHEAST,67.38013,SWIPE,50
275,233,0,42,NORTH,90,SWIPE,50
263,257,-12,24,NORTHWEST,116.565,SWIPE,50
245,279,-18,22,NORTHWEST,129.2894,SWIPE,50
169,325,-76,46,NORTHWEST,148.815,SWIPE,50
153,331,-16,6,WEST,159.444,SWIPE,50
121,341,-32,10,WEST,162.646,SWIPE,50
73,349,-48,8,WEST,170.5377,SWIPE,50
55,349,-18,0,WEST,180,SWIPE,50
45,341,-10,-8,SOUTHWEST,-141.3402,SWIPE,50
45,327,0,-14,SOUTH,-90,SWIPE,50
53,297,8,-30,SOUTH,-75.06858,SWIPE,50
91,229,38,-68,SOUTHEAST,-60.80252,SWIPE,50
101,211,10,-18,SOUTHEAST,-60.9454,SWIPE,50
125,175,24,-36,SOUTHEAST,-56.30993,SWIPE,50
147,129,22,-46,SOUTHEAST,-64.44003,SWIPE,50
149,113,2,-16,SOUTH,-82.87498,SWIPE,50
145,109,-4,-4,SOUTHWEST,-135,SWIPE,50
113,113,-32,4,WEST,172.875,SWIPE,50
79,125,-34,12,WEST,160.56,SWIPE,50
9,173,-70,48,NORTHWEST,145.561,SWIPE,50
-5,187,-14,14,NORTHWEST,145.561,SWIPE,50
-31,235,-26,48,NORTHWEST,118.4429,SWIPE,49
-31,259,0,24,NORTH,90,SWIPE,49
-13,285,18,26,NORTHEAST,55.30485,SWIPE,49
1,293,14,8,NORTHEAST,29.74488,SWIPE,49
55,315,54,22,EAST,22.16635,SWIPE,49
101,331,46,16,EAST,19.17901,SWIPE,49
181,363,80,32,EAST,21.80141,SWIPE,49
209,385,28,22,NORTHEAST,38.15723,SWIPE,49
219,411,10,26,NORTH,68.96249,SWIPE,49
219,419,0,8,NORTH,90,SWIPE,49
203,443,-16,24,NORTHWEST,123.6901,SWIPE,49
139,481,-64,38,NORTHWEST,149.3003,SWIPE,49
121,487,-18,6,WEST,161.565,SWIPE,49
83,495,-38,8,WEST,168.1113,SWIPE,49
11,501,-72,6,WEST,175.2364,SWIPE,49
-11,499,-22,-2,WEST,-174.8056,SWIPE,49
-23,491,-12,-8,SOUTHWEST,-146.3099,SWIPE,49
-25,475,-2,-16,SOUTH,-97.12502,SWIPE,49
-9,435,16,-40,SOUTH,-68.19859,SWIPE,49
17,405,26,-30,SOUTHEAST,-49.08562,SWIPE,49
75,353,58,-52,SOUTHEAST,-41.87787,SWIPE,49
123,319,48,-34,SOUTHEAST,-35.31121,SWIPE,49
219,247,96,-72,SOUTHEAST,-36.8699,SWIPE,49
245,221,26,-26,SOUTHEAST,-36.8699,SWIPE,49
259,197,14,-24,SOUTHEAST,-59.74356,SWIPE,49
261,179,2,-18,SOUTH,-83.65981,SWIPE,49
259,169,-2,-10,SOUTH,-101.3099,SWIPE,49
249,161,-10,-8,SOUTHWEST,-141.3402,SWIPE,49
219,151,-30,-10,WEST,-161.565,SWIPE,49
161,151,-58,0,WEST,180,SWIPE,49
109,163,-52,12,WEST,167.0054,SWIPE,49
97,171,-12,8,NORTHWEST,146.3099,SWIPE,49
69,197,-28,26,NORTHWEST,137.1211,SWIPE,49
55,247,-14,50,NORTH,105.6423,SWIPE,49
59,277,4,30,NORTH,82.40536,SWIPE,49
79,313,20,36,NORTHEAST,60.9454,SWIPE,49
123,353,44,40,NORTHEAST,42.27369,SWIPE,49
169,389,46,36,NORTHEAST,38.04704,SWIPE,49
203,423,34,34,NORTHEAST,45,SWIPE,49
207,435,4,12,NORTH,71.56505,SWIPE,49
203,455,-4,20,NORTH,101.3099,SWIPE,49
189,473,-14,18,NORTHWEST,127.875,SWIPE,49
155,487,-34,14,WEST,157.6199,SWIPE,49
123,495,-32,8,WEST,165.9638,SWIPE,49
91,497,-32,2,WEST,176.4237,SWIPE,49
49,491,-42,-6,WEST,-171.8699,SWIPE,49
15,457,-34,-34,SOUTHWEST,-135,SWIPE,49
11,447,-4,-10,SOUTH,-111.8014,SWIPE,49
15,399,4,-48,SOUTH,-85.23636,SWIPE,49
35,359,20,-40,SOUTHEAST,-63.43495,SWIPE,49
93,299,58,-60,SOUTHEAST,-45.97102,SWIPE,50
143,263,50,-36,SOUTHEAST,-35.75389,SWIPE,50
199,221,56,-42,SOUTHEAST,-36.8699,SWIPE,50
257,171,58,-50,SOUTHEAST,-40.7636,SWIPE,50
263,141,6,-30,SOUTH,-78.69007,SWIPE,50
261,123,-2,-18,SOUTH,-96.34019,SWIPE,50
243,111,-18,-12,SOUTHWEST,-146.3099,SWIPE,50
219,105,-24,-6,WEST,-165.9638,SWIPE,50
169,105,-50,0,WEST,180,SWIPE,50
131,115,-38,10,WEST,165.2564,SWIPE,50
71,137,-60,22,WEST,159.8637,SWIPE,50
27,175,-44,38,NORTHWEST,139.1849,SWIPE,50
-1,229,-28,54,NORTHWEST,117.4076,SWIPE,50
-3,245,-2,16,NORTH,97.12502,SWIPE,50
-1,293,2,48,NORTH,87.61405,SWIPE,50
31,335,32,42,NORTHEAST,52.69605,SWIPE,50
63,357,32,22,NORTHEAST,34.50852,SWIPE,50
107,387,44,30,NORTHEAST,34.28688,SWIPE,50
159,417,52,30,NORTHEAST,29.98164,SWIPE,50
201,439,42,22,NORTHEAST,27.64598,SWIPE,50
227,459,26,20,NORTHEAST,37.56859,SWIPE,50
231,465,4,6,NORTHEAST,56.30993,SWIPE,50
235,477,4,12,NORTH,71.56505,SWIPE,50
235,481,0,4,NORTH,90,SWIPE,50
223,489,-12,8,NORTHWEST,146.3099,SWIPE,50
183,495,-40,6,WEST,171.4692,SWIPE,50
143,495,-40,0,WEST,180,SWIPE,50
81,491,-62,-4,WEST,-176.3086,SWIPE,50
35,473,-46,-18,WEST,-158.6294,SWIPE,50
23,459,-12,-14,SOUTHWEST,-130.6013,SWIPE,50
23,435,0,-24,SOUTH,-90,SWIPE,50
59,381,36,-54,SOUTHEAST,-56.30993,SWIPE,50
99,337,40,-44,SOUTHEAST,-47.72631,SWIPE,50
145,299,46,-38,SOUTHEAST,-39.55967,SWIPE,50
223,247,78,-52,SOUTHEAST,-33.69007,SWIPE,50
263,217,40,-30,SOUTHEAST,-36.8699,SWIPE,50
277,183,14,-34,SOUTH,-67.61987,SWIPE,50
277,159,0,-24,SOUTH,-90,SWIPE,50
277,125,0,-34,SOUTH,-90,SWIPE,50
275,101,-2,-24,SOUTH,-94.76364,SWIPE,50
265,75,-10,-26,SOUTH,-111.0375,SWIPE,50
253,69,-12,-6,SOUTHWEST,-153.435,SWIPE,50
221,67,-32,-2,WEST,-176.4237,SWIPE,50
121,97,-100,30,WEST,163.3008,SWIPE,50
95,113,-26,16,NORTHWEST,148.3925,SWIPE,50
53,155,-42,42,NORTHWEST,148.3925,SWIPE,50
37,187,-16,32,NORTHWEST,116.565,SWIPE,50
35,237,-2,50,NORTH,92.29061,SWIPE,50
51,267,16,30,NORTHEAST,61.92752,SWIPE,50
91,297,40,30,NORTHEAST,36.8699,SWIPE,49
157,325,66,28,NORTHEAST,22.98872,SWIPE,49
239,357,82,32,EAST,21.31791,SWIPE,49
267,373,28,16,NORTHEAST,29.74488,SWIPE,49
291,389,24,16,NORTHEAST,33.69007,SWIPE,49
303,403,12,14,NORTHEAST,49.3987,SWIPE,49
305,427,2,24,NORTH,85.23636,SWIPE,49
299,441,-6,14,NORTHWEST,113.1986,SWIPE,49
269,463,-30,22,NORTHWEST,143.7462,SWIPE,49
235,473,-34,10,WEST,163.6105,SWIPE,49
129,483,-106,10,WEST,174.6107,SWIPE,49
83,483,-46,0,WEST,180,SWIPE,49
49,475,-34,-8,WEST,-166.7595,SWIPE,49
37,459,-12,-16,SOUTHWEST,-126.8699,SWIPE,49
39,425,2,-34,SOUTH,-86.63354,SWIPE,49
73,371,34,-54,SOUTHEAST,-57.80427,SWIPE,49
109,333,36,-38,SOUTHEAST,-46.54816,SWIPE,49
175,275,66,-58,SOUTHEAST,-41.30862,SWIPE,49
231,237,56,-38,SOUTHEAST,-34.15969,SWIPE,49
231,235,0,-2,SOUTH,-90,SWIPE,49
229,225,-2,-10,SOUTH,-101.3099,SWIPE,49
213,217,-16,-8,SOUTHWEST,-153.435,SWIPE,49
169,209,-44,-8,WEST,-169.6951,SWIPE,49
109,211,-60,2,WEST,178.0909,SWIPE,49
73,223,-36,12,WEST,161.565,SWIPE,49
9,295,-64,72,NORTHWEST,131.6335,SWIPE,49
7,309,-2,14,NORTH,98.1301,SWIPE,49
13,353,6,44,NORTH,82.23483,SWIPE,49
35,379,22,26,NORTHEAST,49.76364,SWIPE,49
81,411,46,32,NORTHEAST,34.82449,SWIPE,49
135,437,54,26,NORTHEAST,25.70995,SWIPE,49
161,449,26,12,NORTHEAST,24.77514,SWIPE,49
191,463,30,14,NORTHEAST,25.01689,SWIPE,49
191,465,0,2,NORTH,90,SWIPE,49
193,471,2,6,NORTH,71.56505,SWIPE,49
187,481,-6,10,NORTHWEST,120.9638,SWIPE,49
175,485,-12,4,WEST,161.565,SWIPE,49
131,493,-44,8,WEST,169.6951,SWIPE,49
83,495,-48,2,WEST,177.6141,SWIPE,49
59,485,-24,-10,SOUTHWEST,-157.3801,SWIPE,49
39,449,-20,-36,SOUTHWEST,-119.0546,SWIPE,49
39,421,0,-28,SOUTH,-90,SWIPE,49
51,385,12,-36,SOUTH,-71.56505,SWIPE,49
85,319,34,-66,SOUTHEAST,-62.74467,SWIPE,49
117,275,32,-44,SOUTHEAST,-53.97263,SWIPE,49
159,237,42,-38,SOUTHEAST,-42.1376,SWIPE,49
175,227,16,-10,SOUTHEAST,-32.00538,SWIPE,49
177,227,2,0,EAST,0,SWIPE,49
SEPARATE   holdFrame = 317
