TOUCH   waitFrame = 112
115,227,0,0,CENTER,0,TOUCH,50
115,225,0,-2,SOUTH,-90,SWIPE,50
111,217,-4,-8,SOUTHWEST,-116.565,SWIPE,50
109,211,-2,-6,SOUTH,-108.435,SWIPE,50
107,199,-2,-12,SOUTH,-99.46233,SWIPE,50
107,183,0,-16,SOUTH,-90,SWIPE,50
111,169,4,-14,SOUTH,-74.0546,SWIPE,50
123,147,12,-22,SOUTHEAST,-61.38954,SWIPE,50
135,135,12,-12,SOUTHEAST,-61.38954,SWIPE,50
151,129,16,-6,EAST,-20.55605,SWIPE,50
165,129,14,0,EAST,0,SWIPE,50
197,129,32,0,EAST,0,SWIPE,50
209,129,12,0,EAST,0,SWIPE,50
223,127,14,-2,EAST,-8.130102,SWIPE,50
227,125,4,-2,SOUTHEAST,-26.56505,SWIPE,50
227,123,0,-2,SOUTH,-90,SWIPE,50
227,117,0,-6,SOUTH,-90,SWIPE,50
225,103,-2,-14,SOUTH,-98.1301,SWIPE,50
219,93,-6,-10,SOUTHWEST,-120.9638,SWIPE,50
201,89,-18,-4,WEST,-167.4712,SWIPE,50
195,91,-6,2,WEST,161.565,SWIPE,50
171,109,-24,18,NORTHWEST,143.1301,SWIPE,50
157,129,-14,20,NORTHWEST,124.992,SWIPE,50
143,149,-14,20,NORTHWEST,124.992,SWIPE,50
135,175,-8,26,NORTH,107.1027,SWIPE,50
135,189,0,14,NORTH,90,SWIPE,50
145,207,10,18,NORTHEAST,60.9454,SWIPE,50
179,217,34,10,EAST,16.38954,SWIPE,50
189,217,10,0,EAST,0,SWIPE,50
209,221,20,4,EAST,11.30993,SWIPE,50
233,233,24,12,NORTHEAST,26.56505,SWIPE,50
243,243,10,10,NORTHEAST,45,SWIPE,51
249,267,6,24,NORTH,75.96376,SWIPE,51
249,285,0,18,NORTH,90,SWIPE,51
207,347,-42,62,NORTHWEST,124.1145,SWIPE,51
187,353,-20,6,WEST,163.3008,SWIPE,51
179,353,-8,0,WEST,180,SWIPE,51
163,353,-16,0,WEST,180,SWIPE,51
147,339,-16,-14,SOUTHWEST,-138.8141,SWIPE,51
141,325,-6,-14,SOUTHWEST,-113.1986,SWIPE,51
147,293,6,-32,SOUTH,-79.38034,SWIPE,51
173,251,26,-42,SOUTHEAST,-58.24052,SWIPE,51
195,221,22,-30,SOUTHEAST,-53.74616,SWIPE,51
215,193,20,-28,SOUTHEAST,-54.46232,SWIPE,51
223,165,8,-28,SOUTH,-74.0546,SWIPE,51
223,161,0,-4,SOUTH,-90,SWIPE,51
207,155,-16,-6,WEST,-159.444,SWIPE,51
191,155,-16,0,WEST,180,SWIPE,51
165,167,-26,12,NORTHWEST,155.2249,SWIPE,51
151,181,-14,14,NORTHWEST,155.2249,SWIPE,51
131,207,-20,26,NORTHWEST,127.5686,SWIPE,51
125,227,-6,20,NORTH,106.6992,SWIPE,51
137,279,12,52,NORTH,77.00539,SWIPE,51
143,287,6,8,NORTHEAST,53.1301,SWIPE,51
169,313,26,26,NORTHEAST,45,SWIPE,51
187,329,18,16,NORTHEAST,41.63354,SWIPE,51
207,351,20,22,NORTHEAST,47.72631,SWIPE,51
213,367,6,16,NORTH,69.44395,SWIPE,51
211,385,-2,18,NORTH,96.34019,SWIPE,51
203,395,-8,10,NORTHWEST,128.6598,SWIPE,51
169,413,-34,18,NORTHWEST,152.1027,SWIPE,51
157,415,-12,2,WEST,170.5377,SWIPE,51
125,417,-32,2,WEST,176.4237,SWIPE,51
99,409,-26,-8,WEST,-162.8973,SWIPE,51
93,399,-6,-10,SOUTHWEST,-120.9638,SWIPE,51
93,371,0,-28,SOUTH,-90,SWIPE,51
107,337,14,-34,SOUTH,-67.61987,SWIPE,51
141,287,34,-50,SOUTHEAST,-55.7843,SWIPE,51
213,209,72,-78,SOUTHEAST,-47.29061,SWIPE,51
229,193,16,-16,SOUTHEAST,-47.29061,SWIPE,51
255,169,26,-24,SOUTHEAST,-42.70939,SWIPE,51
269,151,14,-18,SOUTHEAST,-52.12502,SWIPE,51
267,149,-2,-2,SOUTHWEST,-135,SWIPE,51
239,149,-28,0,WEST,180,SWIPE,51
203,157,-36,8,WEST,167.4712,SWIPE,51
127,181,-76,24,WEST,162.4744,SWIPE,51
53,207,-74,26,WEST,160.641,SWIPE,51
47,211,-6,4,NORTHWEST,146.3099,SWIPE,51
41,221,-6,10,NORTHWEST,120.9638,SWIPE,51
47,239,6,18,NORTH,71.56505,SWIPE,48
63,247,16,8,NORTHEAST,26.56505,SWIPE,48
91,261,28,14,NORTHEAST,26.56505,SWIPE,48
117,271,26,10,EAST,21.03751,SWIPE,48
185,293,68,22,EAST,17.92792,SWIPE,48
219,311,34,18,NORTHEAST,27.89727,SWIPE,48
223,315,4,4,NORTHEAST,45,SWIPE,48
225,317,2,2,NORTHEAST,45,SWIPE,48
225,317,0,0,NORTHEAST,45,SWIPE,48
225,317,0,0,NORTHEAST,45,SWIPE,48
225,317,0,0,NORTHEAST,45,SWIPE,48
223,315,-2,-2,SOUTHWEST,-135,SWIPE,48
219,305,-4,-10,SOUTH,-111.8014,SWIPE,48
215,283,-4,-22,SOUTH,-100.3048,SWIPE,48
215,279,0,-4,SOUTH,-90,SWIPE,48
215,269,0,-10,SOUTH,-90,SWIPE,48
217,261,2,-8,SOUTH,-75.96376,SWIPE,48
217,255,0,-6,SOUTH,-90,SWIPE,48
217,245,0,-10,SOUTH,-90,SWIPE,48
217,241,0,-4,SOUTH,-90,SWIPE,48
217,235,0,-6,SOUTH,-90,SWIPE,48
215,219,-2,-16,SOUTH,-97.12502,SWIPE,48
215,215,0,-4,SOUTH,-90,SWIPE,48
213,211,-2,-4,SOUTHWEST,-116.565,SWIPE,48
209,203,-4,-8,SOUTHWEST,-116.565,SWIPE,48
207,197,-2,-6,SOUTH,-108.435,SWIPE,48
203,187,-4,-10,SOUTH,-111.8014,SWIPE,48
201,181,-2,-6,SOUTH,-108.435,SWIPE,48
197,169,-4,-12,SOUTH,-108.435,SWIPE,48
197,167,0,-2,SOUTH,-90,SWIPE,48
193,159,-4,-8,SOUTHWEST,-116.565,SWIPE,48
189,151,-4,-8,SOUTHWEST,-116.565,SWIPE,48
185,145,-4,-6,SOUTHWEST,-123.6901,SWIPE,48
181,141,-4,-4,SOUTHWEST,-135,SWIPE,48
175,137,-6,-4,SOUTHWEST,-146.3099,SWIPE,48
171,133,-4,-4,SOUTHWEST,-135,SWIPE,48
161,131,-10,-2,WEST,-168.6901,SWIPE,48
155,129,-6,-2,WEST,-161.565,SWIPE,48
143,129,-12,0,WEST,180,SWIPE,48
135,129,-8,0,WEST,180,SWIPE,48
125,129,-10,0,WEST,180,SWIPE,48
121,131,-4,2,NORTHWEST,153.435,SWIPE,48
115,135,-6,4,NORTHWEST,146.3099,SWIPE,48
111,137,-4,2,NORTHWEST,153.435,SWIPE,48
97,149,-14,12,NORTHWEST,139.3987,SWIPE,48
93,151,-4,2,NORTHWEST,153.435,SWIPE,48
83,167,-10,16,NORTHWEST,122.0054,SWIPE,48
77,175,-6,8,NORTHWEST,126.8699,SWIPE,48
75,187,-2,12,NORTH,99.46233,SWIPE,48
75,195,0,8,NORTH,90,SWIPE,49
77,211,2,16,NORTH,82.87498,SWIPE,49
81,217,4,6,NORTHEAST,56.30993,SWIPE,49
93,229,12,12,NORTHEAST,45,SWIPE,49
97,231,4,2,NORTHEAST,26.56505,SWIPE,49
109,237,12,6,NORTHEAST,26.56505,SWIPE,49
123,241,14,4,EAST,15.9454,SWIPE,49
139,247,16,6,EAST,20.55605,SWIPE,49
155,251,16,4,EAST,14.03624,SWIPE,49
167,253,12,2,EAST,9.462322,SWIPE,49
181,257,14,4,EAST,15.9454,SWIPE,49
207,269,26,12,NORTHEAST,24.77514,SWIPE,49
209,271,2,2,NORTHEAST,45,SWIPE,49
217,277,8,6,NORTHEAST,36.8699,SWIPE,49
227,289,10,12,NORTHEAST,50.19443,SWIPE,49
231,297,4,8,NORTHEAST,63.43495,SWIPE,49
239,313,8,16,NORTHEAST,63.43495,SWIPE,49
241,323,2,10,NORTH,78.69007,SWIPE,49
241,339,0,16,NORTH,90,SWIPE,49
241,355,0,16,NORTH,90,SWIPE,49
237,361,-4,6,NORTHWEST,123.6901,SWIPE,49
235,369,-2,8,NORTH,104.0362,SWIPE,49
229,373,-6,4,NORTHWEST,146.3099,SWIPE,49
221,377,-8,4,NORTHWEST,153.435,SWIPE,49
215,377,-6,0,WEST,180,SWIPE,49
203,377,-12,0,WEST,180,SWIPE,49
195,373,-8,-4,SOUTHWEST,-153.435,SWIPE,49
177,357,-18,-16,SOUTHWEST,-138.3665,SWIPE,49
177,351,0,-6,SOUTH,-90,SWIPE,49
173,333,-4,-18,SOUTH,-102.5288,SWIPE,49
173,325,0,-8,SOUTH,-90,SWIPE,49
173,313,0,-12,SOUTH,-90,SWIPE,49
177,303,4,-10,SOUTH,-68.19859,SWIPE,49
181,291,4,-12,SOUTH,-71.56505,SWIPE,49
187,277,6,-14,SOUTHEAST,-66.80141,SWIPE,49
193,261,6,-16,SOUTH,-69.44395,SWIPE,49
193,255,0,-6,SOUTH,-90,SWIPE,49
195,241,2,-14,SOUTH,-81.8699,SWIPE,49
195,229,0,-12,SOUTH,-90,SWIPE,49
191,213,-4,-16,SOUTH,-104.0362,SWIPE,49
191,207,0,-6,SOUTH,-90,SWIPE,49
189,203,-2,-4,SOUTHWEST,-116.565,SWIPE,49
185,195,-4,-8,SOUTHWEST,-116.565,SWIPE,49
173,179,-12,-16,SOUTHWEST,-126.8699,SWIPE,49
171,175,-2,-4,SOUTHWEST,-116.565,SWIPE,49
167,167,-4,-8,SOUTHWEST,-116.565,SWIPE,49
161,163,-6,-4,SOUTHWEST,-146.3099,SWIPE,49
161,161,0,-2,SOUTH,-90,SWIPE,49
159,161,-2,0,WEST,180,SWIPE,49
159,161,0,0,WEST,180,SWIPE,49
157,161,-2,0,WEST,180,SWIPE,50
131,191,-26,30,NORTHWEST,130.9144,SWIPE,50
123,201,-8,10,NORTHWEST,128.6598,SWIPE,50
113,219,-10,18,NORTHWEST,119.0546,SWIPE,50
105,243,-8,24,NORTH,108.435,SWIPE,50
105,257,0,14,NORTH,90,SWIPE,50
109,275,4,18,NORTH,77.4712,SWIPE,50
117,285,8,10,NORTHEAST,51.34019,SWIPE,50
133,301,16,16,NORTHEAST,45,SWIPE,50
165,321,32,20,NORTHEAST,32.00538,SWIPE,50
175,327,10,6,NORTHEAST,30.96376,SWIPE,50
191,341,16,14,NORTHEAST,41.18592,SWIPE,50
199,355,8,14,NORTHEAST,60.25512,SWIPE,50
207,367,8,12,NORTHEAST,56.30993,SWIPE,50
215,383,8,16,NORTHEAST,63.43495,SWIPE,50
223,415,8,32,NORTH,75.96376,SWIPE,50
223,431,0,16,NORTH,90,SWIPE,50
217,451,-6,20,NORTH,106.6992,SWIPE,50
215,455,-2,4,NORTHWEST,116.565,SWIPE,50
209,467,-6,12,NORTHWEST,116.565,SWIPE,50
205,477,-4,10,NORTH,111.8014,SWIPE,50
195,493,-10,16,NORTHWEST,122.0054,SWIPE,50
191,499,-4,6,NORTHWEST,123.6901,SWIPE,50
185,505,-6,6,NORTHWEST,123.6901,SWIPE,50
SEPARATE   holdFrame = 202
