TOUCH   waitFrame = 246
83,179,0,0,CENTER,0,TOUCH,60
95,169,12,-10,SOUTHEAST,-39.80557,SWIPE,60
123,163,28,-6,EAST,-12.09476,SWIPE,60
145,161,22,-2,EAST,-5.194429,SWIPE,60
177,161,32,0,EAST,0,SWIPE,60
189,163,12,2,EAST,9.462322,SWIPE,60
209,169,20,6,EAST,16.69924,SWIPE,60
225,177,16,8,NORTHEAST,26.56505,SWIPE,60
235,197,10,20,NORTHEAST,63.43495,SWIPE,60
235,223,0,26,NORTH,90,SWIPE,60
233,245,-2,22,NORTH,95.19443,SWIPE,60
221,269,-12,24,NORTHWEST,116.565,SWIPE,60
207,287,-14,18,NORTHWEST,127.875,SWIPE,60
179,309,-28,22,NORTHWEST,141.8428,SWIPE,60
169,313,-10,4,WEST,158.1986,SWIPE,60
151,315,-18,2,WEST,173.6598,SWIPE,60
139,311,-12,-4,WEST,-161.565,SWIPE,60
129,297,-10,-14,SOUTHWEST,-125.5377,SWIPE,60
125,267,-4,-30,SOUTH,-97.59464,SWIPE,60
125,245,0,-22,SOUTH,-90,SWIPE,60
131,223,6,-22,SOUTH,-74.74489,SWIPE,60
145,207,14,-16,SOUTHEAST,-48.81408,SWIPE,60
195,191,50,-16,EAST,-17.74467,SWIPE,60
207,191,12,0,EAST,0,SWIPE,60
225,189,18,-2,EAST,-6.340192,SWIPE,60
231,189,6,0,EAST,0,SWIPE,60
231,187,0,-2,SOUTH,-90,SWIPE,60
221,183,-10,-4,WEST,-158.1986,SWIPE,60
189,183,-32,0,WEST,180,SWIPE,60
143,189,-46,6,WEST,172.5686,SWIPE,60
95,199,-48,10,WEST,168.2317,SWIPE,60
47,231,-48,32,NORTHWEST,146.3099,SWIPE,60
43,247,-4,16,NORTH,104.0362,SWIPE,60
49,277,6,30,NORTH,78.69007,SWIPE,60
191,323,142,46,EAST,17.9494,SWIPE,60
191,323,0,0,EAST,17.9494,SWIPE,60
215,321,24,-2,EAST,-4.763642,SWIPE,60
217,325,2,4,NORTHEAST,63.43495,SWIPE,60
215,329,-2,4,NORTHWEST,116.565,SWIPE,60
199,341,-16,12,NORTHWEST,143.1301,SWIPE,60
131,355,-68,14,WEST,168.3664,SWIPE,56
107,357,-24,2,WEST,175.2364,SWIPE,56
53,353,-54,-4,WEST,-175.7636,SWIPE,56
31,337,-22,-16,SOUTHWEST,-143.9726,SWIPE,56
23,315,-8,-22,SOUTH,-109.9831,SWIPE,56
45,271,22,-44,SOUTHEAST,-63.43495,SWIPE,56
97,225,52,-46,SOUTHEAST,-41.49647,SWIPE,56
155,195,58,-30,SOUTHEAST,-27.34988,SWIPE,56
179,187,24,-8,EAST,-18.43495,SWIPE,56
223,179,44,-8,EAST,-10.30485,SWIPE,56
263,181,40,2,EAST,2.862405,SWIPE,56
283,195,20,14,NORTHEAST,34.99202,SWIPE,56
293,229,10,34,NORTH,73.61046,SWIPE,56
279,251,-14,22,NORTHWEST,122.4712,SWIPE,56
249,275,-30,24,NORTHWEST,141.3402,SWIPE,56
177,301,-72,26,WEST,160.1448,SWIPE,56
149,307,-28,6,WEST,167.9052,SWIPE,56
95,311,-54,4,WEST,175.7636,SWIPE,56
53,299,-42,-12,WEST,-164.0546,SWIPE,56
51,277,-2,-22,SOUTH,-95.19443,SWIPE,56
61,245,10,-32,SOUTH,-72.64597,SWIPE,56
89,213,28,-32,SOUTHEAST,-48.81408,SWIPE,56
225,161,136,-52,EAST,-20.9245,SWIPE,56
299,195,74,34,NORTHEAST,24.67686,SWIPE,56
305,209,6,14,NORTHEAST,66.80141,SWIPE,56
303,241,-2,32,NORTH,93.57634,SWIPE,56
269,279,-34,38,NORTHWEST,131.8202,SWIPE,56
223,303,-46,24,NORTHWEST,152.4472,SWIPE,56
161,317,-62,14,WEST,167.2757,SWIPE,56
99,321,-62,4,WEST,176.3086,SWIPE,56
57,305,-42,-16,WEST,-159.1455,SWIPE,56
39,255,-18,-50,SOUTH,-109.7989,SWIPE,56
69,215,30,-40,SOUTHEAST,-53.1301,SWIPE,56
87,203,18,-12,SOUTHEAST,-33.69007,SWIPE,56
145,189,58,-14,EAST,-13.57043,SWIPE,56
195,191,50,2,EAST,2.29061,SWIPE,56
237,207,42,16,EAST,20.85446,SWIPE,56
263,237,26,30,NORTHEAST,49.08562,SWIPE,56
269,265,6,28,NORTH,77.90524,SWIPE,56
255,299,-14,34,NORTH,112.3801,SWIPE,56
221,323,-34,24,NORTHWEST,144.7824,SWIPE,56
111,347,-110,24,WEST,167.692,SWIPE,56
81,347,-30,0,WEST,180,SWIPE,56
35,335,-46,-12,WEST,-165.3791,SWIPE,56
15,301,-20,-34,SOUTHWEST,-120.4656,SWIPE,56
19,271,4,-30,SOUTH,-82.40536,SWIPE,56
43,241,24,-30,SOUTHEAST,-51.34019,SWIPE,56
85,217,42,-24,SOUTHEAST,-29.74488,SWIPE,56
135,211,50,-6,EAST,-6.842773,SWIPE,56
185,217,50,6,EAST,6.842773,SWIPE,56
259,263,74,46,NORTHEAST,31.86598,SWIPE,56
263,275,4,12,NORTH,71.56505,SWIPE,56
257,297,-6,22,NORTH,105.2551,SWIPE,56
229,315,-28,18,NORTHWEST,147.2648,SWIPE,56
187,331,-42,16,WEST,159.1455,SWIPE,56
115,339,-72,8,WEST,173.6598,SWIPE,56
61,331,-54,-8,WEST,-171.573,SWIPE,56
21,293,-40,-38,SOUTHWEST,-136.4688,SWIPE,57
57,231,36,-62,SOUTHEAST,-59.85862,SWIPE,57
165,191,108,-40,EAST,-20.32314,SWIPE,57
189,189,24,-2,EAST,-4.763642,SWIPE,57
227,193,38,4,EAST,6.009006,SWIPE,57
247,205,20,12,NORTHEAST,30.96376,SWIPE,57
251,225,4,20,NORTH,78.69007,SWIPE,57
229,259,-22,34,NORTHWEST,122.9052,SWIPE,57
183,291,-46,32,NORTHWEST,145.1755,SWIPE,57
85,323,-98,32,WEST,161.9166,SWIPE,57
53,323,-32,0,WEST,180,SWIPE,57
3,291,-50,-32,SOUTHWEST,-147.3808,SWIPE,57
9,275,6,-16,SOUTH,-69.44395,SWIPE,57
35,243,26,-32,SOUTHEAST,-50.90614,SWIPE,57
93,205,58,-38,SOUTHEAST,-33.23171,SWIPE,57
145,187,52,-18,EAST,-19.09349,SWIPE,57
195,181,50,-6,EAST,-6.842773,SWIPE,57
233,187,38,6,EAST,8.972627,SWIPE,57
259,207,26,20,NORTHEAST,37.56859,SWIPE,57
269,235,10,28,NORTH,70.34618,SWIPE,57
217,305,-52,70,NORTHWEST,126.6071,SWIPE,57
191,321,-26,16,NORTHWEST,148.3925,SWIPE,57
129,343,-62,22,WEST,160.4633,SWIPE,57
65,353,-64,10,WEST,171.1193,SWIPE,57
17,349,-48,-4,WEST,-175.2364,SWIPE,57
-1,325,-18,-24,SOUTHWEST,-126.8699,SWIPE,57
9,293,10,-32,SOUTH,-72.64597,SWIPE,57
45,251,36,-42,SOUTHEAST,-49.3987,SWIPE,57
103,213,58,-38,SOUTHEAST,-33.23171,SWIPE,57
243,183,140,-30,EAST,-12.09476,SWIPE,57
267,185,24,2,EAST,4.763642,SWIPE,57
301,203,34,18,NORTHEAST,27.89727,SWIPE,57
317,241,16,38,NORTHEAST,67.16634,SWIPE,57
311,255,-6,14,NORTHWEST,113.1986,SWIPE,57
285,281,-26,26,NORTHWEST,113.1986,SWIPE,57
227,307,-58,26,NORTHWEST,155.8545,SWIPE,57
167,319,-60,12,WEST,168.6901,SWIPE,57
81,319,-86,0,WEST,180,SWIPE,57
51,291,-30,-28,SOUTHWEST,-136.9749,SWIPE,57
55,269,4,-22,SOUTH,-79.69515,SWIPE,57
91,241,36,-28,SOUTHEAST,-37.87498,SWIPE,57
139,223,48,-18,EAST,-20.55605,SWIPE,57
197,213,58,-10,EAST,-9.782407,SWIPE,57
247,219,50,6,EAST,6.842773,SWIPE,57
277,237,30,18,NORTHEAST,30.96376,SWIPE,57
285,263,8,26,NORTH,72.89727,SWIPE,57
269,285,-16,22,NORTHWEST,126.0274,SWIPE,57
161,325,-108,40,WEST,159.6769,SWIPE,57
119,329,-42,4,WEST,174.5597,SWIPE,57
39,331,-80,2,WEST,178.5679,SWIPE,57
-21,307,-60,-24,WEST,-158.1986,SWIPE,57
-33,275,-12,-32,SOUTH,-110.556,SWIPE,57
-17,241,16,-34,SOUTHEAST,-64.79888,SWIPE,57
41,199,58,-42,SOUTHEAST,-35.90973,SWIPE,57
101,173,60,-26,SOUTHEAST,-23.42869,SWIPE,57
183,163,82,-10,EAST,-6.952958,SWIPE,57
221,185,38,22,NORTHEAST,30.06858,SWIPE,57
217,217,-4,32,NORTH,97.12502,SWIPE,57
207,233,-10,16,NORTHWEST,122.0054,SWIPE,57
169,265,-38,32,NORTHWEST,139.8991,SWIPE,57
75,307,-94,42,NORTHWEST,155.9245,SWIPE,57
17,311,-58,4,WEST,176.0548,SWIPE,57
-13,301,-30,-10,WEST,-161.565,SWIPE,57
-13,271,0,-30,SOUTH,-90,SWIPE,57
15,233,28,-38,SOUTHEAST,-53.61565,SWIPE,57
123,157,108,-76,SOUTHEAST,-35.13419,SWIPE,57
151,143,28,-14,SOUTHEAST,-26.56505,SWIPE,57
203,125,52,-18,EAST,-19.09349,SWIPE,57
247,131,44,6,EAST,7.765166,SWIPE,57
265,151,18,20,NORTHEAST,48.01279,SWIPE,57
265,199,0,48,NORTH,90,SWIPE,57
253,219,-12,20,NORTHWEST,120.9638,SWIPE,57
215,251,-38,32,NORTHWEST,139.8991,SWIPE,57
119,287,-96,36,WEST,159.444,SWIPE,57
51,289,-68,2,WEST,178.3153,SWIPE,57
39,281,-12,-8,SOUTHWEST,-146.3099,SWIPE,57
35,255,-4,-26,SOUTH,-98.74616,SWIPE,57
47,225,12,-30,SOUTH,-68.19859,SWIPE,57
93,185,46,-40,SOUTHEAST,-41.00909,SWIPE,57
145,159,52,-26,SOUTHEAST,-26.56505,SWIPE,57
231,147,86,-12,EAST,-7.943472,SWIPE,57
273,151,42,4,EAST,5.440332,SWIPE,57
295,167,22,16,NORTHEAST,36.02737,SWIPE,57
161,269,-134,102,NORTHWEST,142.7218,SWIPE,57
127,271,-34,2,WEST,176.6335,SWIPE,57
65,265,-62,-6,WEST,-174.4725,SWIPE,57
19,239,-46,-26,SOUTHWEST,-150.5241,SWIPE,57
-1,209,-20,-30,SOUTHWEST,-123.6901,SWIPE,57
-11,177,-10,-32,SOUTH,-107.354,SWIPE,57
-21,153,-10,-24,SOUTHWEST,-112.6199,SWIPE,57
-33,157,-12,4,WEST,161.565,SWIPE,57
-51,175,-18,18,WEST,161.565,SWIPE,57
-83,211,-32,36,NORTHWEST,131.6335,SWIPE,57
-109,253,-26,42,NORTHWEST,121.7595,SWIPE,57
-117,289,-8,36,NORTH,102.5288,SWIPE,57
-101,321,16,32,NORTHEAST,63.43495,SWIPE,57
-63,347,38,26,NORTHEAST,34.38034,SWIPE,57
1,357,64,10,EAST,8.880659,SWIPE,57
69,357,68,0,EAST,0,SWIPE,57
221,333,152,-24,EAST,-8.972627,SWIPE,57
249,327,28,-6,EAST,-12.09476,SWIPE,57
293,317,44,-10,EAST,-12.80427,SWIPE,57
307,313,14,-4,EAST,-15.9454,SWIPE,57
309,313,2,0,EAST,0,SWIPE,57
309,313,0,0,EAST,0,SWIPE,57
303,313,-6,0,WEST,180,SWIPE,57
275,315,-28,2,WEST,175.9144,SWIPE,57
217,327,-58,12,WEST,168.3106,SWIPE,57
59,365,-158,38,WEST,166.4769,SWIPE,57
9,377,-50,12,WEST,166.5043,SWIPE,57
-29,389,-38,12,WEST,162.4744,SWIPE,57
-37,395,-8,6,NORTHWEST,143.1301,SWIPE,57
-33,411,4,16,NORTH,75.96376,SWIPE,57
-13,427,20,16,NORTHEAST,38.65981,SWIPE,57
SEPARATE   holdFrame = 211
