TOUCH   waitFrame = 183
45,261,0,0,CENTER,0,TOUCH,50
47,245,2,-16,SOUTH,-82.87498,SWIPE,50
47,241,0,-4,SOUTH,-90,SWIPE,50
53,229,6,-12,SOUTHEAST,-63.43495,SWIPE,50
61,221,8,-8,SOUTHEAST,-63.43495,SWIPE,50
85,213,24,-8,EAST,-18.43495,SWIPE,50
125,209,40,-4,EAST,-5.710593,SWIPE,50
191,221,66,12,EAST,10.30485,SWIPE,50
229,247,38,26,NORTHEAST,34.38034,SWIPE,50
261,295,32,48,NORTHEAST,56.30993,SWIPE,50
265,323,4,28,NORTH,81.8699,SWIPE,50
251,357,-14,34,NORTH,112.3801,SWIPE,50
237,367,-14,10,NORTHWEST,144.4623,SWIPE,50
211,373,-26,6,WEST,167.0054,SWIPE,50
189,371,-22,-2,WEST,-174.8056,SWIPE,50
159,351,-30,-20,SOUTHWEST,-146.3099,SWIPE,50
145,335,-14,-16,SOUTHWEST,-131.1859,SWIPE,50
177,255,32,-80,SOUTH,-68.19859,SWIPE,50
177,255,0,0,SOUTH,-68.19859,SWIPE,50
197,239,20,-16,SOUTHEAST,-38.65981,SWIPE,50
249,209,52,-30,SOUTHEAST,-29.98164,SWIPE,50
307,191,58,-18,EAST,-17.24146,SWIPE,50
331,191,24,0,EAST,0,SWIPE,50
331,195,0,4,NORTH,90,SWIPE,50
307,211,-24,16,NORTHWEST,146.3099,SWIPE,50
235,233,-72,22,WEST,163.0092,SWIPE,50
173,245,-62,12,WEST,169.0459,SWIPE,50
77,231,-96,-14,WEST,-171.7029,SWIPE,50
75,189,-2,-42,SOUTH,-92.72632,SWIPE,50
95,165,20,-24,SOUTHEAST,-50.19443,SWIPE,50
145,137,50,-28,SOUTHEAST,-29.24883,SWIPE,50
189,133,44,-4,EAST,-5.194429,SWIPE,50
263,169,74,36,NORTHEAST,25.9423,SWIPE,50
291,203,28,34,NORTHEAST,50.52754,SWIPE,50
303,255,12,52,NORTH,77.00539,SWIPE,50
287,281,-16,26,NORTHWEST,121.6075,SWIPE,50
239,311,-48,30,NORTHWEST,147.9946,SWIPE,50
199,319,-40,8,WEST,168.6901,SWIPE,50
159,319,-40,0,WEST,180,SWIPE,50
109,287,-50,-32,SOUTHWEST,-147.3808,SWIPE,50
95,243,-14,-44,SOUTH,-107.6501,SWIPE,50
107,205,12,-38,SOUTH,-72.47443,SWIPE,50
133,177,26,-28,SOUTHEAST,-47.1211,SWIPE,50
207,153,74,-24,EAST,-17.96914,SWIPE,50
257,153,50,0,EAST,0,SWIPE,50
311,173,54,20,EAST,20.32314,SWIPE,50
323,193,12,20,NORTHEAST,59.03624,SWIPE,50
301,229,-22,36,NORTHWEST,121.4296,SWIPE,50
237,259,-64,30,NORTHWEST,154.8852,SWIPE,50
175,271,-62,12,WEST,169.0459,SWIPE,50
115,273,-60,2,WEST,178.0909,SWIPE,50
51,249,-64,-24,WEST,-159.444,SWIPE,50
39,197,-12,-52,SOUTH,-102.9946,SWIPE,50
59,163,20,-34,SOUTHEAST,-59.53446,SWIPE,50
123,121,64,-42,SOUTHEAST,-33.27489,SWIPE,50
177,107,54,-14,EAST,-14.53446,SWIPE,50
269,121,92,14,EAST,8.652542,SWIPE,50
303,151,34,30,NORTHEAST,41.42367,SWIPE,50
317,185,14,34,NORTH,67.61987,SWIPE,50
305,241,-12,56,NORTH,102.0948,SWIPE,50
279,273,-26,32,NORTHWEST,129.0939,SWIPE,50
207,311,-72,38,NORTHWEST,152.1759,SWIPE,50
159,319,-48,8,WEST,170.5377,SWIPE,50
111,305,-48,-14,WEST,-163.7398,SWIPE,50
97,257,-14,-48,SOUTH,-106.2602,SWIPE,50
109,207,12,-50,SOUTH,-76.50426,SWIPE,50
141,169,32,-38,SOUTHEAST,-49.89909,SWIPE,50
215,133,74,-36,SOUTHEAST,-25.9423,SWIPE,50
269,133,54,0,EAST,0,SWIPE,50
345,167,76,34,NORTHEAST,24.10224,SWIPE,50
363,199,18,32,NORTHEAST,60.64225,SWIPE,50
357,249,-6,50,NORTH,96.84277,SWIPE,50
329,279,-28,30,NORTHWEST,133.0251,SWIPE,50
261,311,-68,32,NORTHWEST,154.7989,SWIPE,50
161,325,-100,14,WEST,172.0304,SWIPE,50
111,317,-50,-8,WEST,-170.9097,SWIPE,50
73,297,-38,-20,SOUTHWEST,-152.2415,SWIPE,50
53,247,-20,-50,SOUTH,-111.8014,SWIPE,50
61,195,8,-52,SOUTH,-81.25384,SWIPE,50
119,137,58,-58,SOUTH,-81.25384,SWIPE,50
177,117,58,-20,EAST,-19.02561,SWIPE,50
275,123,98,6,EAST,3.503532,SWIPE,50
321,147,46,24,NORTHEAST,27.55281,SWIPE,50
349,187,28,40,NORTHEAST,55.00798,SWIPE,50
335,245,-14,58,NORTH,103.5704,SWIPE,50
279,295,-56,50,NORTHWEST,138.2397,SWIPE,50
225,323,-54,28,NORTHWEST,152.5924,SWIPE,50
115,345,-110,22,WEST,168.6901,SWIPE,50
55,341,-60,-4,WEST,-176.1859,SWIPE,50
5,303,-50,-38,SOUTHWEST,-142.7652,SWIPE,50
3,269,-2,-34,SOUTH,-93.36646,SWIPE,50
25,231,22,-38,SOUTHEAST,-59.93142,SWIPE,50
115,181,90,-50,SOUTHEAST,-29.0546,SWIPE,50
181,179,66,-2,EAST,-1.735705,SWIPE,50
271,203,90,24,EAST,14.93142,SWIPE,50
299,233,28,30,NORTHEAST,46.97493,SWIPE,50
291,291,-8,58,NORTH,97.85332,SWIPE,50
259,327,-32,36,NORTHWEST,131.6335,SWIPE,50
173,373,-86,46,NORTHWEST,151.8584,SWIPE,50
101,393,-72,20,WEST,164.4759,SWIPE,50
-19,395,-120,2,WEST,179.0452,SWIPE,50
-63,377,-44,-18,WEST,-157.751,SWIPE,50
-87,321,-24,-56,SOUTHWEST,-113.1986,SWIPE,50
-73,263,14,-58,SOUTH,-76.42957,SWIPE,50
-1,175,72,-88,SOUTHEAST,-50.71059,SWIPE,50
87,135,88,-40,SOUTHEAST,-24.44395,SWIPE,50
193,137,106,2,EAST,1.080924,SWIPE,50
243,159,50,22,NORTHEAST,23.74949,SWIPE,50
263,217,20,58,NORTH,70.9744,SWIPE,50
241,275,-22,58,NORTH,110.7723,SWIPE,50
175,341,-66,66,NORTH,110.7723,SWIPE,50
113,371,-62,30,NORTHWEST,154.179,SWIPE,50
25,387,-88,16,WEST,169.6951,SWIPE,50
-17,381,-42,-6,WEST,-171.8699,SWIPE,50
-47,335,-30,-46,SOUTHWEST,-123.1113,SWIPE,50
-45,291,2,-44,SOUTH,-87.39745,SWIPE,50
1,199,46,-92,SOUTHEAST,-63.43495,SWIPE,50
65,151,64,-48,SOUTHEAST,-36.8699,SWIPE,50
193,127,128,-24,EAST,-10.61965,SWIPE,50
275,167,82,40,NORTHEAST,26.00335,SWIPE,50
297,233,22,66,NORTH,71.56505,SWIPE,50
281,279,-16,46,NORTH,109.179,SWIPE,50
231,335,-50,56,NORTHWEST,131.7603,SWIPE,50
177,371,-54,36,NORTHWEST,146.3099,SWIPE,50
77,409,-100,38,WEST,159.1932,SWIPE,50
13,417,-64,8,WEST,172.875,SWIPE,50
-59,413,-72,-4,WEST,-176.8202,SWIPE,50
-87,383,-28,-30,SOUTHWEST,-133.0251,SWIPE,50
-79,323,8,-60,SOUTH,-82.40536,SWIPE,50
-41,275,38,-48,SOUTHEAST,-51.63251,SWIPE,50
65,223,106,-52,SOUTHEAST,-26.131,SWIPE,50
163,215,98,-8,EAST,-4.666858,SWIPE,50
271,237,108,22,EAST,11.51383,SWIPE,50
313,269,42,32,NORTHEAST,37.30395,SWIPE,50
325,311,12,42,NORTH,74.0546,SWIPE,50
307,377,-18,66,NORTH,105.2551,SWIPE,50
243,443,-64,66,NORTHWEST,134.1186,SWIPE,50
195,473,-48,30,NORTHWEST,147.9946,SWIPE,50
123,505,-72,32,NORTHWEST,156.0375,SWIPE,50
87,515,-36,10,WEST,164.4759,SWIPE,50
57,515,-30,0,WEST,180,SWIPE,50
55,515,-2,0,WEST,180,SWIPE,50
61,501,6,-14,SOUTHEAST,-66.80141,SWIPE,50
83,485,22,-16,SOUTHEAST,-36.02737,SWIPE,50
137,461,54,-24,SOUTHEAST,-23.96249,SWIPE,50
167,459,30,-2,EAST,-3.814075,SWIPE,50
201,465,34,6,EAST,10.00798,SWIPE,50
205,479,4,14,NORTH,74.0546,SWIPE,50
195,503,-10,24,NORTHWEST,112.6199,SWIPE,50
173,523,-22,20,NORTHWEST,137.7263,SWIPE,50
141,531,-32,8,WEST,165.9638,SWIPE,50
123,531,-18,0,WEST,180,SWIPE,50
107,507,-16,-24,SOUTHWEST,-123.6901,SWIPE,50
105,471,-2,-36,SOUTH,-93.17983,SWIPE,50
129,409,24,-62,SOUTH,-68.83874,SWIPE,50
155,361,26,-48,SOUTHEAST,-61.55708,SWIPE,50
193,291,38,-70,SOUTHEAST,-61.50436,SWIPE,50
211,251,18,-40,SOUTHEAST,-65.77225,SWIPE,50
215,205,4,-46,SOUTH,-85.03027,SWIPE,50
203,195,-12,-10,SOUTHWEST,-140.1944,SWIPE,50
163,195,-40,0,WEST,180,SWIPE,50
133,205,-30,10,WEST,161.565,SWIPE,50
99,233,-34,28,NORTHWEST,140.5275,SWIPE,50
97,259,-2,26,NORTH,94.3987,SWIPE,50
123,309,26,50,NORTHEAST,62.52557,SWIPE,50
153,343,30,34,NORTHEAST,48.57633,SWIPE,50
209,379,56,36,NORTHEAST,32.73523,SWIPE,50
239,393,30,14,NORTHEAST,25.01689,SWIPE,50
267,411,28,18,NORTHEAST,32.73523,SWIPE,50
271,413,4,2,NORTHEAST,26.56505,SWIPE,50
271,413,0,0,NORTHEAST,26.56505,SWIPE,50
259,413,-12,0,WEST,180,SWIPE,50
203,415,-56,2,WEST,177.9546,SWIPE,50
155,415,-48,0,WEST,180,SWIPE,50
111,399,-44,-16,WEST,-160.0169,SWIPE,50
101,379,-10,-20,SOUTHWEST,-116.565,SWIPE,50
119,349,18,-30,SOUTHEAST,-59.03624,SWIPE,50
147,321,28,-28,SOUTHEAST,-59.03624,SWIPE,50
201,297,54,-24,SOUTHEAST,-23.96249,SWIPE,50
235,297,34,0,EAST,0,SWIPE,50
273,325,38,28,NORTHEAST,36.38435,SWIPE,50
275,355,2,30,NORTH,86.18592,SWIPE,50
267,389,-8,34,NORTH,103.2405,SWIPE,50
233,437,-34,48,NORTHWEST,125.3112,SWIPE,50
185,481,-48,44,NORTHWEST,137.4895,SWIPE,50
165,497,-20,16,NORTHWEST,141.3402,SWIPE,50
149,509,-16,12,NORTHWEST,143.1301,SWIPE,50
139,519,-10,10,NORTHWEST,143.1301,SWIPE,50
135,521,-4,2,NORTHWEST,153.435,SWIPE,50
SEPARATE   holdFrame = 189
