TOUCH   waitFrame = 39
257,266,0,0,CENTER,0,TOUCH,1
251,262,-6,-4,SOUTHWEST,213.6901,SWIPE,1
249,256,-2,-6,SOUTH,251.565,SWIPE,1
245,250,-4,-6,SOUTHWEST,236.3099,SWIPE,1
239,238,-6,-12,SOUTHWEST,243.435,SWIPE,1
235,228,-4,-10,SOUTH,248.1986,SWIPE,1
227,214,-8,-14,SOUTHWEST,240.2551,SWIPE,1
223,202,-4,-12,SOUTH,251.565,SWIPE,1
221,182,-2,-20,SOUTH,264.2894,SWIPE,1
223,168,2,-14,SOUTH,278.1301,SWIPE,1
229,150,6,-18,SOUTH,288.4349,SWIPE,1
235,142,6,-8,SOUTHEAST,306.8699,SWIPE,1
243,132,8,-10,SOUTHEAST,308.6598,SWIPE,50
251,126,8,-6,SOUTHEAST,323.1301,SWIPE,50
265,116,14,-10,SOUTHEAST,324.4623,SWIPE,50
279,112,14,-4,EAST,344.0546,SWIPE,50
289,112,10,0,EAST,0,SWIPE,50
299,112,10,0,EAST,0,SWIPE,50
323,118,24,6,EAST,14.03624,SWIPE,50
345,128,22,10,NORTHEAST,24.44395,SWIPE,50
375,148,30,20,NORTHEAST,33.69007,SWIPE,50
391,164,16,16,NORTHEAST,45,SWIPE,50
401,188,10,24,NORTHEAST,67.38013,SWIPE,50
401,216,0,28,NORTH,90,SWIPE,50
399,238,-2,22,NORTH,95.19443,SWIPE,50
389,260,-10,22,NORTHWEST,114.444,SWIPE,50
361,298,-28,38,NORTHWEST,126.3843,SWIPE,50
335,322,-26,24,NORTHWEST,137.2906,SWIPE,50
281,366,-54,44,NORTHWEST,140.8263,SWIPE,50
247,392,-34,26,NORTHWEST,142.5946,SWIPE,50
199,422,-48,30,NORTHWEST,147.9946,SWIPE,50
159,444,-40,22,NORTHWEST,151.1892,SWIPE,50
135,454,-24,10,NORTHWEST,157.3801,SWIPE,50
115,460,-20,6,WEST,163.3008,SWIPE,50
97,468,-18,8,NORTHWEST,156.0375,SWIPE,50
91,476,-6,8,NORTHWEST,126.8699,SWIPE,50
87,486,-4,10,NORTH,111.8014,SWIPE,50
85,510,-2,24,NORTH,94.76364,SWIPE,50
89,528,4,18,NORTH,77.4712,SWIPE,50
101,548,12,20,NORTHEAST,59.03624,SWIPE,50
129,584,28,36,NORTHEAST,52.12502,SWIPE,50
153,602,24,18,NORTHEAST,36.8699,SWIPE,50
185,628,32,26,NORTHEAST,39.09386,SWIPE,50
197,636,12,8,NORTHEAST,33.69007,SWIPE,50
203,638,6,2,EAST,18.43495,SWIPE,50
203,638,0,0,EAST,18.43495,SWIPE,50
203,638,0,0,EAST,18.43495,SWIPE,50
203,628,0,-10,SOUTH,270,SWIPE,50
203,616,0,-12,SOUTH,270,SWIPE,50
199,588,-4,-28,SOUTH,261.8699,SWIPE,50
193,560,-6,-28,SOUTH,257.9052,SWIPE,50
181,506,-12,-54,SOUTH,257.4712,SWIPE,50
173,472,-8,-34,SOUTH,256.7595,SWIPE,50
151,396,-22,-76,SOUTH,253.8557,SWIPE,50
143,368,-8,-28,SOUTH,254.0546,SWIPE,50
133,346,-10,-22,SOUTHWEST,245.556,SWIPE,50
115,318,-18,-28,SOUTHWEST,237.2648,SWIPE,50
105,304,-10,-14,SOUTHWEST,234.4623,SWIPE,50
97,288,-8,-16,SOUTHWEST,243.435,SWIPE,50
87,264,-10,-24,SOUTHWEST,247.3801,SWIPE,50
85,246,-2,-18,SOUTH,263.6598,SWIPE,50
87,220,2,-26,SOUTH,274.3987,SWIPE,50
95,204,8,-16,SOUTHEAST,296.5651,SWIPE,50
111,184,16,-20,SOUTHEAST,308.6598,SWIPE,50
129,172,18,-12,SOUTHEAST,326.3099,SWIPE,50
147,164,18,-8,SOUTHEAST,336.0375,SWIPE,50
163,162,16,-2,EAST,352.875,SWIPE,50
199,168,36,6,EAST,9.462322,SWIPE,50
219,182,20,14,NORTHEAST,34.99202,SWIPE,50
245,214,26,32,NORTHEAST,50.90614,SWIPE,50
263,252,18,38,NORTHEAST,64.65382,SWIPE,50
273,308,10,56,NORTH,79.87533,SWIPE,50
275,354,2,46,NORTH,87.51044,SWIPE,50
275,406,0,52,NORTH,90,SWIPE,50
277,434,2,28,NORTH,85.91438,SWIPE,50
287,464,10,30,NORTH,71.56505,SWIPE,50
297,480,10,16,NORTHEAST,57.99462,SWIPE,50
317,494,20,14,NORTHEAST,34.99202,SWIPE,50
329,498,12,4,EAST,18.43495,SWIPE,50
349,500,20,2,EAST,5.710593,SWIPE,50
361,500,12,0,EAST,0,SWIPE,50
369,496,8,-4,SOUTHEAST,333.4349,SWIPE,50
373,492,4,-4,SOUTHEAST,333.4349,SWIPE,50
375,480,2,-12,SOUTH,279.4623,SWIPE,50
377,462,2,-18,SOUTH,276.3402,SWIPE,50
375,446,-2,-16,SOUTH,262.875,SWIPE,50
359,420,-16,-26,SOUTHWEST,238.3925,SWIPE,50
343,404,-16,-16,SOUTHWEST,225,SWIPE,50
301,378,-42,-26,SOUTHWEST,211.7595,SWIPE,50
267,366,-34,-12,WEST,199.44,SWIPE,50
201,362,-66,-4,WEST,183.4682,SWIPE,50
155,366,-46,4,WEST,175.0303,SWIPE,50
93,376,-62,10,WEST,170.8376,SWIPE,50
55,384,-38,8,WEST,168.1113,SWIPE,50
7,392,-48,8,WEST,170.5377,SWIPE,50
-21,396,-28,4,WEST,171.8699,SWIPE,50
-43,396,-22,0,WEST,180,SWIPE,50
-55,390,-12,-6,SOUTHWEST,206.565,SWIPE,50
-65,368,-10,-22,SOUTHWEST,245.556,SWIPE,50
-67,322,-2,-46,SOUTH,267.5104,SWIPE,50
-61,278,6,-44,SOUTH,277.7652,SWIPE,50
-31,218,30,-60,SOUTHEAST,296.5651,SWIPE,50
1,176,32,-42,SOUTHEAST,307.304,SWIPE,50
57,126,56,-50,SOUTHEAST,318.2397,SWIPE,50
105,88,48,-38,SOUTHEAST,321.6325,SWIPE,50
123,78,18,-10,SOUTHEAST,330.9454,SWIPE,50
137,76,14,-2,EAST,351.8699,SWIPE,50
141,82,4,6,NORTHEAST,56.30993,SWIPE,50
153,118,12,36,NORTH,71.56505,SWIPE,50
165,174,12,56,NORTH,77.90524,SWIPE,50
169,226,4,52,NORTH,85.6013,SWIPE,50
171,312,2,86,NORTH,88.66779,SWIPE,50
165,410,-6,98,NORTH,93.50353,SWIPE,50
165,456,0,46,NORTH,90,SWIPE,50
165,500,0,44,NORTH,90,SWIPE,50
179,542,14,42,NORTH,71.56505,SWIPE,50
193,560,14,18,NORTHEAST,52.12502,SWIPE,50
219,580,26,20,NORTHEAST,37.56859,SWIPE,50
243,586,24,6,EAST,14.03624,SWIPE,50
287,588,44,2,EAST,2.602562,SWIPE,50
323,586,36,-2,EAST,356.8202,SWIPE,50
385,578,62,-8,EAST,352.6476,SWIPE,50
417,570,32,-8,EAST,345.9637,SWIPE,50
429,564,12,-6,SOUTHEAST,333.4349,SWIPE,50
433,556,4,-8,SOUTHEAST,296.5651,SWIPE,50
435,548,2,-8,SOUTH,284.0363,SWIPE,50
435,536,0,-12,SOUTH,270,SWIPE,50
429,512,-6,-24,SOUTH,255.9637,SWIPE,50
411,482,-18,-30,SOUTHWEST,239.0362,SWIPE,50
395,458,-16,-24,SOUTHWEST,236.3099,SWIPE,50
377,430,-18,-28,SOUTHWEST,237.2648,SWIPE,50
351,382,-26,-48,SOUTHWEST,241.5571,SWIPE,50
341,350,-10,-32,SOUTH,252.646,SWIPE,50
335,310,-6,-40,SOUTH,261.4692,SWIPE,50
335,290,0,-20,SOUTH,270,SWIPE,50
351,266,16,-24,SOUTHEAST,303.6901,SWIPE,50
363,254,12,-12,SOUTHEAST,303.6901,SWIPE,50
393,242,30,-12,EAST,338.1986,SWIPE,50
425,236,32,-6,EAST,349.3803,SWIPE,50
449,236,24,0,EAST,0,SWIPE,50
489,246,40,10,EAST,14.03624,SWIPE,50
505,258,16,12,NORTHEAST,36.8699,SWIPE,50
515,274,10,16,NORTHEAST,57.99462,SWIPE,50
525,306,10,32,NORTH,72.64597,SWIPE,50
531,336,6,30,NORTH,78.69007,SWIPE,50
537,380,6,44,NORTH,82.23483,SWIPE,50
543,420,6,40,NORTH,81.46923,SWIPE,50
545,438,2,18,NORTH,83.65981,SWIPE,50
543,462,-2,24,NORTH,94.76364,SWIPE,50
539,474,-4,12,NORTH,108.435,SWIPE,50
535,488,-4,14,NORTH,105.9454,SWIPE,50
533,494,-2,6,NORTH,108.435,SWIPE,50
531,496,-2,2,NORTH,108.435,SWIPE,50
531,500,0,4,NORTH,90,SWIPE,50
529,500,-2,0,WEST,180,SWIPE,50
525,504,-4,4,WEST,180,SWIPE,50
511,514,-14,10,NORTHWEST,144.4623,SWIPE,50
493,522,-18,8,NORTHWEST,156.0375,SWIPE,50
457,536,-36,14,WEST,158.7495,SWIPE,50
427,548,-30,12,WEST,158.1986,SWIPE,50
383,564,-44,16,WEST,160.0169,SWIPE,50
359,572,-24,8,WEST,161.565,SWIPE,50
333,578,-26,6,WEST,167.0054,SWIPE,50
325,578,-8,0,WEST,180,SWIPE,50
319,580,-6,2,WEST,161.565,SWIPE,50
319,580,0,0,WEST,161.565,SWIPE,50
319,580,0,0,WEST,161.565,SWIPE,50
319,580,0,0,WEST,161.565,SWIPE,50
319,580,0,0,WEST,161.565,SWIPE,50
SEPARATE   holdFrame = 169
TOUCH   waitFrame = 30
637,674,0,0,WEST,161.565,TOUCH,50
637,674,0,0,WEST,161.565,SWIPE,50
637,674,0,0,WEST,161.565,SWIPE,50
637,674,0,0,WEST,161.565,SWIPE,50
637,674,0,0,WEST,161.565,SWIPE,50
637,674,0,0,WEST,161.565,SWIPE,50
637,674,0,0,WEST,161.565,SWIPE,50
SEPARATE   holdFrame = 7
TOUCH   waitFrame = 61
149,590,0,0,WEST,161.565,TOUCH,50
149,590,0,0,WEST,161.565,SWIPE,50
149,590,0,0,WEST,161.565,SWIPE,50
149,590,0,0,WEST,161.565,SWIPE,50
SEPARATE   holdFrame = 4
TOUCH   waitFrame = 22
375,294,0,0,WEST,161.565,TOUCH,50
377,294,2,0,EAST,0,SWIPE,50
377,294,0,0,EAST,0,SWIPE,50
377,294,0,0,EAST,0,SWIPE,50
377,294,0,0,EAST,0,SWIPE,50
SEPARATE   holdFrame = 5
TOUCH   waitFrame = 15
715,282,0,0,EAST,0,TOUCH,50
715,282,0,0,EAST,0,SWIPE,50
715,282,0,0,EAST,0,SWIPE,50
715,282,0,0,EAST,0,SWIPE,50
715,282,0,0,EAST,0,SWIPE,50
715,282,0,0,EAST,0,SWIPE,50
SEPARATE   holdFrame = 6
TOUCH   waitFrame = 22
-189,346,0,0,EAST,0,TOUCH,50
-189,346,0,0,EAST,0,SWIPE,50
-189,346,0,0,EAST,0,SWIPE,50
-189,346,0,0,EAST,0,SWIPE,50
-189,346,0,0,EAST,0,SWIPE,50
-189,346,0,0,EAST,0,SWIPE,50
SEPARATE   holdFrame = 6
TOUCH   waitFrame = 11
-193,460,0,0,EAST,0,TOUCH,50
-193,476,0,16,NORTH,90,SWIPE,50
-193,494,0,18,NORTH,90,SWIPE,50
-193,500,0,6,NORTH,90,SWIPE,50
-193,504,0,4,NORTH,90,SWIPE,50
-193,506,0,2,NORTH,90,SWIPE,50
-193,506,0,0,NORTH,90,SWIPE,50
-189,504,4,-2,SOUTHEAST,333.4349,SWIPE,50
-185,494,4,-10,SOUTH,291.8014,SWIPE,50
-183,468,2,-26,SOUTH,274.3987,SWIPE,50
-181,422,2,-46,SOUTH,272.4896,SWIPE,50
-179,390,2,-32,SOUTH,273.5763,SWIPE,50
-169,332,10,-58,SOUTH,279.7824,SWIPE,50
-157,302,12,-30,SOUTH,291.8014,SWIPE,50
-121,258,36,-44,SOUTHEAST,309.2894,SWIPE,50
-99,244,22,-14,SOUTHEAST,327.5288,SWIPE,50
-69,234,30,-10,EAST,341.5651,SWIPE,50
-15,228,54,-6,EAST,353.6598,SWIPE,50
19,230,34,2,EAST,3.366461,SWIPE,50
63,244,44,14,EAST,17.65012,SWIPE,50
SEPARATE   holdFrame = 20
