TOUCH   waitFrame = 39
69,258,0,0,CENTER,0,TOUCH,1
71,258,2,0,EAST,0,SWIPE,1
75,252,4,-6,SOUTHEAST,303.6901,SWIPE,1
77,244,2,-8,SOUTH,284.0363,SWIPE,1
79,234,2,-10,SOUTH,281.3099,SWIPE,1
83,212,4,-22,SOUTH,280.3048,SWIPE,1
85,196,2,-16,SOUTH,277.125,SWIPE,1
91,174,6,-22,SOUTH,285.2551,SWIPE,1
95,166,4,-8,SOUTHEAST,296.5651,SWIPE,1
101,156,6,-10,SOUTHEAST,300.9637,SWIPE,1
109,148,8,-8,SOUTHEAST,300.9637,SWIPE,1
113,144,4,-4,SOUTHEAST,300.9637,SWIPE,1
117,142,4,-2,SOUTHEAST,333.4349,SWIPE,50
135,142,18,0,EAST,0,SWIPE,50
143,150,8,8,NORTHEAST,45,SWIPE,50
153,156,10,6,NORTHEAST,30.96376,SWIPE,50
159,164,6,8,NORTHEAST,53.1301,SWIPE,50
167,176,8,12,NORTHEAST,56.30993,SWIPE,50
169,188,2,12,NORTH,80.53768,SWIPE,50
171,192,2,4,NORTHEAST,63.43495,SWIPE,50
171,198,0,6,NORTH,90,SWIPE,50
171,200,0,2,NORTH,90,SWIPE,50
169,202,-2,2,NORTH,90,SWIPE,50
165,206,-4,4,NORTH,90,SWIPE,50
161,208,-4,2,NORTHWEST,153.435,SWIPE,50
157,210,-4,2,NORTHWEST,153.435,SWIPE,50
151,214,-6,4,NORTHWEST,146.3099,SWIPE,50
149,214,-2,0,WEST,180,SWIPE,50
147,214,-2,0,WEST,180,SWIPE,50
147,214,0,0,WEST,180,SWIPE,50
SEPARATE   holdFrame = 30
TOUCH   waitFrame = 99
139,244,0,0,WEST,180,TOUCH,50
139,246,0,2,NORTH,90,SWIPE,50
139,246,0,0,NORTH,90,SWIPE,50
129,238,-10,-8,SOUTHWEST,218.6598,SWIPE,50
119,230,-10,-8,SOUTHWEST,218.6598,SWIPE,50
111,216,-8,-14,SOUTHWEST,240.2551,SWIPE,50
107,198,-4,-18,SOUTH,257.4712,SWIPE,50
103,176,-4,-22,SOUTH,259.6952,SWIPE,50
101,162,-2,-14,SOUTH,261.8699,SWIPE,50
101,150,0,-12,SOUTH,270,SWIPE,50
101,136,0,-14,SOUTH,270,SWIPE,50
103,122,2,-14,SOUTH,278.1301,SWIPE,50
107,116,4,-6,SOUTHEAST,303.6901,SWIPE,50
111,110,4,-6,SOUTHEAST,303.6901,SWIPE,50
115,108,4,-2,SOUTHEAST,333.4349,SWIPE,50
115,108,0,0,SOUTHEAST,333.4349,SWIPE,50
119,108,4,0,EAST,0,SWIPE,50
129,112,10,4,EAST,21.80141,SWIPE,50
133,116,4,4,NORTHEAST,45,SWIPE,50
139,122,6,6,NORTHEAST,45,SWIPE,50
141,126,2,4,NORTHEAST,63.43495,SWIPE,50
149,140,8,14,NORTHEAST,60.25512,SWIPE,50
153,148,4,8,NORTHEAST,63.43495,SWIPE,50
155,158,2,10,NORTH,78.69007,SWIPE,50
155,166,0,8,NORTH,90,SWIPE,50
157,174,2,8,NORTH,75.96376,SWIPE,50
157,178,0,4,NORTH,90,SWIPE,50
157,180,0,2,NORTH,90,SWIPE,50
153,180,-4,0,WEST,180,SWIPE,50
153,180,0,0,WEST,180,SWIPE,50
153,180,0,0,WEST,180,SWIPE,50
153,180,0,0,WEST,180,SWIPE,50
153,180,0,0,WEST,180,SWIPE,50
153,180,0,0,WEST,180,SWIPE,50
153,180,0,0,WEST,180,SWIPE,50
153,180,0,0,WEST,180,SWIPE,50
153,180,0,0,WEST,180,SWIPE,50
153,180,0,0,WEST,180,SWIPE,50
153,180,0,0,WEST,180,SWIPE,50
153,180,0,0,WEST,180,SWIPE,50
153,180,0,0,WEST,180,SWIPE,50
153,180,0,0,WEST,180,SWIPE,50
153,180,0,0,WEST,180,SWIPE,50
153,180,0,0,WEST,180,SWIPE,50
153,180,0,0,WEST,180,SWIPE,50
153,180,0,0,WEST,180,SWIPE,50
153,180,0,0,WEST,180,SWIPE,50
153,180,0,0,WEST,180,SWIPE,50
153,180,0,0,WEST,180,SWIPE,50
153,180,0,0,WEST,180,SWIPE,50
155,182,2,2,NORTHEAST,45,SWIPE,50
163,188,8,6,NORTHEAST,36.8699,SWIPE,50
171,192,8,4,NORTHEAST,26.56505,SWIPE,50
175,194,4,2,NORTHEAST,26.56505,SWIPE,50
177,196,2,2,NORTHEAST,45,SWIPE,50
181,200,4,4,NORTHEAST,45,SWIPE,50
183,202,2,2,NORTHEAST,45,SWIPE,50
185,202,2,0,EAST,0,SWIPE,50
187,206,2,4,NORTHEAST,63.43495,SWIPE,50
191,210,4,4,NORTHEAST,45,SWIPE,50
191,214,0,4,NORTH,90,SWIPE,50
195,216,4,2,NORTHEAST,26.56505,SWIPE,50
199,222,4,6,NORTHEAST,56.30993,SWIPE,50
199,226,0,4,NORTH,90,SWIPE,50
203,230,4,4,NORTHEAST,45,SWIPE,50
203,234,0,4,NORTH,90,SWIPE,50
203,236,0,2,NORTH,90,SWIPE,50
203,238,0,2,NORTH,90,SWIPE,50
199,242,-4,4,NORTH,90,SWIPE,50
197,246,-2,4,NORTHWEST,116.565,SWIPE,50
189,254,-8,8,NORTHWEST,116.565,SWIPE,50
185,256,-4,2,NORTHWEST,153.435,SWIPE,50
175,264,-10,8,NORTHWEST,141.3402,SWIPE,50
167,268,-8,4,NORTHWEST,153.435,SWIPE,50
157,272,-10,4,WEST,158.1986,SWIPE,50
147,274,-10,2,WEST,168.6901,SWIPE,50
135,274,-12,0,WEST,180,SWIPE,50
123,274,-12,0,WEST,180,SWIPE,50
121,274,-2,0,WEST,180,SWIPE,50
117,274,-4,0,WEST,180,SWIPE,50
113,268,-4,-6,SOUTHWEST,236.3099,SWIPE,50
113,254,0,-14,SOUTH,270,SWIPE,50
123,238,10,-16,SOUTHEAST,302.0054,SWIPE,50
135,222,12,-16,SOUTHEAST,306.8699,SWIPE,50
151,204,16,-18,SOUTHEAST,311.6335,SWIPE,50
167,188,16,-16,SOUTHEAST,311.6335,SWIPE,50
169,186,2,-2,SOUTHEAST,311.6335,SWIPE,50
171,178,2,-8,SOUTH,284.0363,SWIPE,50
169,170,-2,-8,SOUTH,255.9637,SWIPE,50
163,164,-6,-6,SOUTHWEST,225,SWIPE,50
157,158,-6,-6,SOUTHWEST,225,SWIPE,50
143,154,-14,-4,WEST,195.9454,SWIPE,50
135,152,-8,-2,WEST,194.0362,SWIPE,50
119,152,-16,0,WEST,180,SWIPE,50
97,160,-22,8,WEST,160.0169,SWIPE,50
81,170,-16,10,NORTHWEST,147.9946,SWIPE,50
69,180,-12,10,NORTHWEST,140.1944,SWIPE,50
61,188,-8,8,NORTHWEST,140.1944,SWIPE,50
57,202,-4,14,NORTH,105.9454,SWIPE,50
57,212,0,10,NORTH,90,SWIPE,50
65,220,8,8,NORTHEAST,45,SWIPE,50
89,232,24,12,NORTHEAST,26.56505,SWIPE,50
107,236,18,4,EAST,12.52881,SWIPE,50
133,240,26,4,EAST,8.746162,SWIPE,50
155,242,22,2,EAST,5.194429,SWIPE,50
165,242,10,0,EAST,0,SWIPE,50
175,248,10,6,NORTHEAST,30.96376,SWIPE,50
189,262,14,14,NORTHEAST,45,SWIPE,50
193,274,4,12,NORTH,71.56505,SWIPE,50
195,284,2,10,NORTH,78.69007,SWIPE,50
195,302,0,18,NORTH,90,SWIPE,50
189,310,-6,8,NORTHWEST,126.8699,SWIPE,50
181,316,-8,6,NORTHWEST,143.1301,SWIPE,50
167,320,-14,4,WEST,164.0546,SWIPE,50
143,322,-24,2,WEST,175.2364,SWIPE,50
131,318,-12,-4,WEST,198.435,SWIPE,50
117,296,-14,-22,SOUTHWEST,237.5288,SWIPE,50
115,284,-2,-12,SOUTH,260.5377,SWIPE,50
119,268,4,-16,SOUTH,284.0363,SWIPE,50
129,252,10,-16,SOUTHEAST,302.0054,SWIPE,50
145,228,16,-24,SOUTHEAST,303.6901,SWIPE,50
155,210,10,-18,SOUTHEAST,299.0546,SWIPE,50
165,192,10,-18,SOUTHEAST,299.0546,SWIPE,50
167,182,2,-10,SOUTH,281.3099,SWIPE,50
169,164,2,-18,SOUTH,276.3402,SWIPE,50
157,154,-12,-10,SOUTHWEST,219.8056,SWIPE,50
151,150,-6,-4,SOUTHWEST,213.6901,SWIPE,50
131,148,-20,-2,WEST,185.7106,SWIPE,50
97,148,-34,0,WEST,180,SWIPE,50
73,150,-24,2,WEST,175.2364,SWIPE,50
49,156,-24,6,WEST,165.9638,SWIPE,50
35,168,-14,12,NORTHWEST,139.3987,SWIPE,50
27,190,-8,22,NORTH,109.9831,SWIPE,50
27,208,0,18,NORTH,90,SWIPE,50
41,224,14,16,NORTHEAST,48.81408,SWIPE,50
59,230,18,6,EAST,18.43495,SWIPE,50
107,236,48,6,EAST,7.125017,SWIPE,50
135,240,28,4,EAST,8.130102,SWIPE,50
175,250,40,10,EAST,14.03624,SWIPE,50
195,264,20,14,NORTHEAST,34.99202,SWIPE,50
205,280,10,16,NORTHEAST,57.99462,SWIPE,50
207,292,2,12,NORTH,80.53768,SWIPE,50
207,304,0,12,NORTH,90,SWIPE,50
207,306,0,2,NORTH,90,SWIPE,50
203,308,-4,2,NORTHWEST,153.435,SWIPE,50
199,308,-4,0,WEST,180,SWIPE,50
191,300,-8,-8,SOUTHWEST,225,SWIPE,50
177,284,-14,-16,SOUTHWEST,228.8141,SWIPE,50
171,264,-6,-20,SOUTH,253.3008,SWIPE,50
173,244,2,-20,SOUTH,275.7106,SWIPE,50
179,234,6,-10,SOUTHEAST,300.9637,SWIPE,50
185,224,6,-10,SOUTHEAST,300.9637,SWIPE,50
189,216,4,-8,SOUTHEAST,296.5651,SWIPE,50
191,212,2,-4,SOUTHEAST,296.5651,SWIPE,50
191,212,0,0,SOUTHEAST,296.5651,SWIPE,50
191,212,0,0,SOUTHEAST,296.5651,SWIPE,50
191,212,0,0,SOUTHEAST,296.5651,SWIPE,50
SEPARATE   holdFrame = 157
TOUCH   waitFrame = 113
57,106,0,0,SOUTHEAST,296.5651,TOUCH,50
57,106,0,0,SOUTHEAST,296.5651,SWIPE,50
57,106,0,0,SOUTHEAST,296.5651,SWIPE,50
57,108,0,2,NORTH,90,SWIPE,50
61,110,4,2,NORTHEAST,26.56505,SWIPE,50
75,118,14,8,NORTHEAST,29.74488,SWIPE,50
99,132,24,14,NORTHEAST,30.25644,SWIPE,50
105,136,6,4,NORTHEAST,33.69007,SWIPE,50
123,148,18,12,NORTHEAST,33.69007,SWIPE,50
133,158,10,10,NORTHEAST,45,SWIPE,50
149,174,16,16,NORTHEAST,45,SWIPE,50
155,186,6,12,NORTHEAST,63.43495,SWIPE,50
165,206,10,20,NORTHEAST,63.43495,SWIPE,50
169,220,4,14,NORTH,74.0546,SWIPE,50
173,236,4,16,NORTH,75.96376,SWIPE,50
173,254,0,18,NORTH,90,SWIPE,50
173,262,0,8,NORTH,90,SWIPE,50
171,272,-2,10,NORTH,101.3099,SWIPE,50
165,288,-6,16,NORTH,110.556,SWIPE,50
159,298,-6,10,NORTHWEST,120.9638,SWIPE,50
147,316,-12,18,NORTHWEST,123.6901,SWIPE,50
139,322,-8,6,NORTHWEST,143.1301,SWIPE,50
131,328,-8,6,NORTHWEST,143.1301,SWIPE,50
129,330,-2,2,NORTHWEST,143.1301,SWIPE,50
SEPARATE   holdFrame = 24
TOUCH   waitFrame = 94
149,236,0,0,NORTHWEST,143.1301,TOUCH,50
149,232,0,-4,SOUTH,270,SWIPE,50
151,226,2,-6,SOUTH,288.4349,SWIPE,50
151,220,0,-6,SOUTH,270,SWIPE,50
155,212,4,-8,SOUTHEAST,296.5651,SWIPE,50
155,208,0,-4,SOUTH,270,SWIPE,50
157,200,2,-8,SOUTH,284.0363,SWIPE,50
159,190,2,-10,SOUTH,281.3099,SWIPE,50
159,184,0,-6,SOUTH,270,SWIPE,50
161,178,2,-6,SOUTH,288.4349,SWIPE,50
161,170,0,-8,SOUTH,270,SWIPE,50
163,160,2,-10,SOUTH,281.3099,SWIPE,50
163,156,0,-4,SOUTH,270,SWIPE,50
163,150,0,-6,SOUTH,270,SWIPE,50
163,140,0,-10,SOUTH,270,SWIPE,50
163,132,0,-8,SOUTH,270,SWIPE,50
163,124,0,-8,SOUTH,270,SWIPE,50
163,118,0,-6,SOUTH,270,SWIPE,50
161,112,-2,-6,SOUTH,251.565,SWIPE,50
159,102,-2,-10,SOUTH,258.6901,SWIPE,50
155,96,-4,-6,SOUTHWEST,236.3099,SWIPE,50
153,92,-2,-4,SOUTHWEST,243.435,SWIPE,50
149,88,-4,-4,SOUTHWEST,225,SWIPE,50
145,84,-4,-4,SOUTHWEST,225,SWIPE,50
139,80,-6,-4,SOUTHWEST,213.6901,SWIPE,50
133,76,-6,-4,SOUTHWEST,213.6901,SWIPE,50
125,76,-8,0,WEST,180,SWIPE,50
115,76,-10,0,WEST,180,SWIPE,50
101,76,-14,0,WEST,180,SWIPE,50
91,78,-10,2,WEST,168.6901,SWIPE,50
81,82,-10,4,WEST,158.1986,SWIPE,50
71,86,-10,4,WEST,158.1986,SWIPE,50
59,90,-12,4,WEST,161.565,SWIPE,50
51,94,-8,4,NORTHWEST,153.435,SWIPE,50
47,98,-4,4,NORTHWEST,153.435,SWIPE,50
41,104,-6,6,NORTHWEST,153.435,SWIPE,50
35,118,-6,14,NORTHWEST,113.1986,SWIPE,50
31,126,-4,8,NORTHWEST,116.565,SWIPE,50
29,138,-2,12,NORTH,99.46233,SWIPE,50
27,150,-2,12,NORTH,99.46233,SWIPE,50
27,164,0,14,NORTH,90,SWIPE,50
27,174,0,10,NORTH,90,SWIPE,50
29,180,2,6,NORTH,71.56505,SWIPE,50
33,186,4,6,NORTHEAST,56.30993,SWIPE,50
39,198,6,12,NORTHEAST,63.43495,SWIPE,50
45,206,6,8,NORTHEAST,53.1301,SWIPE,50
57,216,12,10,NORTHEAST,39.80557,SWIPE,50
63,220,6,4,NORTHEAST,33.69007,SWIPE,50
71,224,8,4,NORTHEAST,26.56505,SWIPE,50
79,228,8,4,NORTHEAST,26.56505,SWIPE,50
87,230,8,2,EAST,14.03624,SWIPE,50
93,234,6,4,NORTHEAST,33.69007,SWIPE,50
99,236,6,2,EAST,18.43495,SWIPE,50
101,236,2,0,EAST,0,SWIPE,50
101,238,0,2,NORTH,90,SWIPE,50
103,240,2,2,NORTHEAST,45,SWIPE,50
105,240,2,0,EAST,0,SWIPE,50
SEPARATE   holdFrame = 57
TOUCH   waitFrame = 31
117,242,0,0,EAST,0,TOUCH,50
123,242,6,0,EAST,0,SWIPE,50
125,242,2,0,EAST,0,SWIPE,50
129,242,4,0,EAST,0,SWIPE,50
133,242,4,0,EAST,0,SWIPE,50
147,242,14,0,EAST,0,SWIPE,50
153,240,6,-2,EAST,341.5651,SWIPE,50
161,238,8,-2,EAST,345.9637,SWIPE,50
169,238,8,0,EAST,0,SWIPE,50
177,236,8,-2,EAST,345.9637,SWIPE,50
179,234,2,-2,EAST,345.9637,SWIPE,50
185,232,6,-2,EAST,341.5651,SWIPE,50
191,230,6,-2,EAST,341.5651,SWIPE,50
199,228,8,-2,EAST,345.9637,SWIPE,50
201,226,2,-2,EAST,345.9637,SWIPE,50
203,226,2,0,EAST,0,SWIPE,50
203,226,0,0,EAST,0,SWIPE,50
203,226,0,0,EAST,0,SWIPE,50
203,226,0,0,EAST,0,SWIPE,50
SEPARATE   holdFrame = 19
