TOUCH   waitFrame = 673
132.2245,366.2023,0,0,CENTER,0,TOUCH,50
332.528,348.3046,200.3035,-17.89771,EAST,354.894,SWIPE,50
332.528,348.3046,0,0,EAST,354.894,SWIPE,50
332.528,348.3046,0,0,EAST,354.894,SWIPE,50
332.528,348.3046,0,0,EAST,354.894,SWIPE,50
332.528,348.3046,0,0,EAST,354.894,SWIPE,50
332.528,348.3046,0,0,EAST,354.894,SWIPE,50
332.528,348.3046,0,0,EAST,354.894,SWIPE,50
332.528,348.3046,0,0,EAST,354.894,SWIPE,50
332.528,348.3046,0,0,EAST,354.894,SWIPE,50
332.528,348.3046,0,0,EAST,354.894,SWIPE,50
332.528,348.3046,0,0,EAST,354.894,SWIPE,50
332.528,348.3046,0,0,EAST,354.894,SWIPE,50
332.528,348.3046,0,0,EAST,354.894,SWIPE,50
332.528,348.3046,0,0,EAST,354.894,SWIPE,50
357.077,348.6328,24.54895,0.328186,EAST,0.7659209,SWIPE,50
357.077,348.6328,0,0,EAST,0.7659209,SWIPE,50
357.077,348.6328,0,0,EAST,0.7659209,SWIPE,50
357.077,348.6328,0,0,EAST,0.7659209,SWIPE,50
359.2516,348.3046,2.174561,-0.328186,EAST,351.4177,SWIPE,50
359.2516,348.3046,0,0,EAST,351.4177,SWIPE,50
360.499,349.583,1.247406,1.278442,NORTHEAST,45.70399,SWIPE,50
361.7464,349.583,1.247406,0,EAST,0,SWIPE,50
361.7464,349.583,0,0,EAST,0,SWIPE,50
362.9938,350.8615,1.247406,1.278442,NORTHEAST,45.70399,SWIPE,50
352.9605,391.8112,-10.03326,40.94977,NORTH,103.7671,SWIPE,50
352.9605,391.8112,0,0,NORTH,103.7671,SWIPE,50
340.0141,459.1432,-12.94641,67.33197,NORTH,100.8839,SWIPE,50
328.9171,540.2385,-11.09702,81.09534,NORTH,97.79191,SWIPE,50
329.1958,629.5683,0.2787476,89.32977,NORTH,89.82121,SWIPE,50
337.9301,720.8815,8.734222,91.31317,NORTH,84.53621,SWIPE,50
355.5093,807.2509,17.57928,86.36945,NORTH,78.49541,SWIPE,50
SEPARATE   holdFrame = 32
TOUCH   waitFrame = 98
137.2141,334.2422,0,0,NORTH,78.49541,TOUCH,50
137.2141,334.2422,0,0,NORTH,78.49541,SWIPE,50
137.2141,334.2422,0,0,NORTH,78.49541,SWIPE,50
137.2141,334.2422,0,0,NORTH,78.49541,SWIPE,50
137.2141,334.2422,0,0,NORTH,78.49541,SWIPE,50
140.7768,339.7191,3.562683,5.476868,NORTHEAST,56.95614,SWIPE,50
178.4149,340.6342,37.63812,0.9151001,EAST,1.392765,SWIPE,50
205.6381,341.3081,27.22318,0.6739502,EAST,1.418153,SWIPE,50
205.6381,341.3081,0,0,EAST,1.418153,SWIPE,50
282.9059,346.898,77.26773,5.589905,EAST,4.137833,SWIPE,50
322.7437,350.6826,39.83789,3.784607,EAST,5.426823,SWIPE,50
355.2414,355.4088,32.49765,4.726135,EAST,8.274519,SWIPE,50
376.469,358.5067,21.22757,3.0979,EAST,8.302994,SWIPE,50
396.8697,358.9357,20.4007,0.4290161,EAST,1.204723,SWIPE,50
405.4155,358.5319,8.545837,-0.4038086,EAST,357.2947,SWIPE,50
418.1389,359.8102,12.72342,1.278381,EAST,5.737519,SWIPE,50
420.898,358.5319,2.759125,-1.278381,SOUTHEAST,335.1404,SWIPE,50
425.1376,358.5319,4.239532,0,EAST,0,SWIPE,50
426.0414,358.5319,0.9037781,0,EAST,0,SWIPE,50
426.6112,358.5319,0.5698853,0,EAST,0,SWIPE,50
427.8586,359.8102,1.247375,1.278381,NORTHEAST,45.70332,SWIPE,50
427.8586,359.8102,0,0,NORTHEAST,45.70332,SWIPE,50
427.8586,362.3493,0,2.539063,NORTH,90,SWIPE,50
425.2719,375.4338,-2.586761,13.08453,NORTH,101.183,SWIPE,50
410.7549,413.8596,-14.517,38.42572,NORTH,110.6963,SWIPE,50
403.5879,438.8515,-7.166992,24.99194,NORTH,106.0014,SWIPE,50
395.4262,485.7189,-8.161682,46.86737,NORTH,99.87866,SWIPE,50
390.761,525.2339,-4.665131,39.51501,NORTH,96.73315,SWIPE,50
387.9418,561.0038,-2.819275,35.7699,NORTH,94.50656,SWIPE,50
386.6744,590.1889,-1.267365,29.18512,NORTH,92.4865,SWIPE,50
390.4221,650.5498,3.74765,60.3609,NORTH,86.44722,SWIPE,50
394.7521,679.3947,4.330078,28.84485,NORTH,81.46272,SWIPE,50
397.921,689.6379,3.168854,10.24329,NORTH,72.81007,SWIPE,50
SEPARATE   holdFrame = 33
TOUCH   waitFrame = 189
137.2141,380.2646,0,0,NORTH,72.81007,TOUCH,50
138.4615,380.2646,1.247391,0,EAST,0,SWIPE,50
138.4615,380.2646,0,0,EAST,0,SWIPE,50
138.4615,380.2646,0,0,EAST,0,SWIPE,50
138.4615,380.2646,0,0,EAST,0,SWIPE,50
138.4615,380.2646,0,0,EAST,0,SWIPE,50
147.6659,377.385,9.204376,-2.879639,EAST,342.6274,SWIPE,50
179.4277,366.2603,31.76184,-11.12476,EAST,340.6969,SWIPE,50
179.4277,366.2603,0,0,EAST,340.6969,SWIPE,50
194.3934,358.4376,14.96567,-7.822693,SOUTHEAST,332.4035,SWIPE,50
213.2085,354.1953,18.81503,-4.24231,EAST,347.2937,SWIPE,50
250.0181,349.8058,36.80966,-4.389404,EAST,353.1998,SWIPE,50
273.0418,350.8329,23.0237,1.0271,EAST,2.554302,SWIPE,50
294.62,353.6978,21.57822,2.864868,EAST,7.562742,SWIPE,50
315.6831,359.5947,21.06308,5.896851,EAST,15.6402,SWIPE,50
357.0445,375.7083,41.36136,16.11359,EAST,21.28493,SWIPE,50
373.4863,385.7541,16.44183,10.04584,NORTHEAST,31.42462,SWIPE,50
388.6208,399.1241,15.13452,13.37,NORTHEAST,41.45772,SWIPE,50
388.6208,399.1241,0,0,NORTHEAST,41.45772,SWIPE,50
417.0589,432.1241,28.43808,33.00006,NORTHEAST,49.2466,SWIPE,50
427.677,447.5858,10.61813,15.46161,NORTHEAST,55.52098,SWIPE,50
436.579,464.604,8.901947,17.01825,NORTHEAST,62.38672,SWIPE,50
445.4529,502.7844,8.873962,38.18042,NORTH,76.91552,SWIPE,50
447.6159,521.7965,2.162964,19.01208,NORTH,83.50949,SWIPE,50
447.817,542.4211,0.2011414,20.62463,NORTH,89.44124,SWIPE,50
445.1388,575.428,-2.678284,33.00684,NORTH,94.63901,SWIPE,50
445.1388,575.428,0,0,NORTH,94.63901,SWIPE,50
442.1541,592.6828,-2.98465,17.25482,NORTH,99.81362,SWIPE,50
436.5757,611.0692,-5.578461,18.38641,NORTH,106.8779,SWIPE,50
419.3573,642.0063,-17.21835,30.93713,NORTHWEST,119.0985,SWIPE,50
408.6193,652.2304,-10.73801,10.22406,NORTHWEST,119.0985,SWIPE,50
386.7746,670.1405,-21.8447,17.9101,NORTHWEST,140.6523,SWIPE,50
374.8467,676.5972,-11.92792,6.456665,NORTHWEST,151.573,SWIPE,50
361.8528,683.6357,-12.99387,7.038574,NORTHWEST,151.5563,SWIPE,50
361.8528,683.6357,0,0,NORTHWEST,151.5563,SWIPE,50
351.7672,684.5244,-10.08566,0.8886108,WEST,174.9649,SWIPE,50
345.8728,686.538,-5.894379,2.013611,WEST,161.139,SWIPE,50
344.2827,687.0811,-1.590027,0.5431519,WEST,161.1399,SWIPE,50
344.2827,687.0811,0,0,WEST,161.1399,SWIPE,50
SEPARATE   holdFrame = 39
