TOUCH   waitFrame = 72
177.131,224.2996,0,0,CENTER,0,TOUCH,50
229.058,216.3318,51.92703,-7.967773,EAST,-8.723524,SWIPE,50
229.058,216.3318,0,0,EAST,-8.723524,SWIPE,50
229.058,216.3318,0,0,EAST,-8.723524,SWIPE,50
229.058,216.3318,0,0,EAST,-8.723524,SWIPE,50
229.058,216.3318,0,0,EAST,-8.723524,SWIPE,50
229.058,216.3318,0,0,EAST,-8.723524,SWIPE,50
229.058,216.3318,0,0,EAST,-8.723524,SWIPE,50
229.058,216.3318,0,0,EAST,-8.723524,SWIPE,50
229.058,216.3318,0,0,EAST,-8.723524,SWIPE,50
229.058,216.3318,0,0,EAST,-8.723524,SWIPE,50
229.058,216.3318,0,0,EAST,-8.723524,SWIPE,50
229.058,216.3318,0,0,EAST,-8.723524,SWIPE,50
306.439,212.794,77.38095,-3.537842,EAST,-2.617729,SWIPE,50
306.439,212.794,0,0,EAST,-2.617729,SWIPE,50
306.439,212.794,0,0,EAST,-2.617729,SWIPE,50
306.439,212.794,0,0,EAST,-2.617729,SWIPE,50
306.439,212.794,0,0,EAST,-2.617729,SWIPE,50
329.6999,210.7286,23.26089,-2.06543,EAST,-5.074218,SWIPE,50
344.4349,207.6804,14.73502,-3.048157,EAST,-11.68763,SWIPE,50
351.0002,206.2379,6.565338,-1.442566,EAST,-12.39236,SWIPE,50
357.5369,206.402,6.536713,0.1641235,EAST,1.438278,SWIPE,50
363.2836,205.6143,5.746704,-0.7877197,EAST,-7.805081,SWIPE,50
368.9631,203.8452,5.679474,-1.769043,EAST,-17.30077,SWIPE,50
372.3547,202.5668,3.391571,-1.278442,EAST,-20.65378,SWIPE,50
375.4678,202.5668,3.113098,0,EAST,0,SWIPE,50
376.3577,202.5668,0.8899536,0,EAST,0,SWIPE,50
379.21,201.2884,2.852234,-1.278381,SOUTHEAST,-24.14209,SWIPE,50
380.4574,201.2884,1.247406,0,EAST,0,SWIPE,50
380.4574,201.2884,0,0,EAST,0,SWIPE,50
382.394,203.9795,1.936646,2.691101,NORTHEAST,54.2594,SWIPE,50
384.5901,206.8022,2.196045,2.822693,NORTHEAST,52.11721,SWIPE,50
384.1996,213.2965,-0.3904724,6.494324,NORTH,93.44078,SWIPE,50
386.6944,224.2996,2.494812,11.00311,NORTH,77.22493,SWIPE,50
388.414,236.6365,1.719635,12.33685,NORTH,82.06467,SWIPE,50
388.103,250.0764,-0.3110352,13.43994,NORTH,91.32574,SWIPE,50
389.1892,269.7551,1.086182,19.67865,NORTH,86.84071,SWIPE,50
390.4366,281.8277,1.247406,12.07263,NORTH,84.10085,SWIPE,50
391.684,322.7215,1.247406,40.8938,NORTH,88.25282,SWIPE,50
392.9314,341.9721,1.247406,19.25061,NORTH,86.29252,SWIPE,50
394.1788,347.0262,1.247406,5.054138,NORTH,76.13597,SWIPE,50
396.0499,370.0375,1.871063,23.01123,NORTH,85.35146,SWIPE,50
395.4262,372.5942,-0.6236877,2.556763,NORTH,103.7088,SWIPE,50
395.4262,382.5865,0,9.992249,NORTH,90,SWIPE,50
395.4262,389.4004,0,6.813904,NORTH,90,SWIPE,50
395.4262,395.5596,0,6.15918,NORTH,90,SWIPE,50
395.4262,404.5543,0,8.994751,NORTH,90,SWIPE,50
395.4262,411.8376,0,7.283325,NORTH,90,SWIPE,50
395.4262,412.2247,0,0.387085,NORTH,90,SWIPE,50
395.4262,412.2247,0,0,NORTH,90,SWIPE,50
396.6736,414.7815,1.247406,2.556763,NORTHEAST,63.99295,SWIPE,50
SEPARATE   holdFrame = 51
TOUCH   waitFrame = 62
391.684,216.6292,0,0,NORTHEAST,63.99295,TOUCH,50
391.684,215.3508,0,-1.278381,SOUTH,-90,SWIPE,50
391.684,215.3508,0,0,SOUTH,-90,SWIPE,50
391.684,223.0212,0,7.67041,NORTH,90,SWIPE,50
390.4462,229.3641,-1.237823,6.342896,NORTH,101.0426,SWIPE,50
390.4366,236.2263,-0.00958252,6.862122,NORTH,90.08001,SWIPE,50
389.1892,269.8122,-1.247406,33.58594,NORTH,92.12703,SWIPE,50
389.1892,290.1755,0,20.36334,NORTH,90,SWIPE,50
390.4366,310.3545,1.247406,20.17896,NORTH,86.46264,SWIPE,50
392.4431,329.7386,2.006561,19.38416,NORTH,84.09004,SWIPE,50
394.6553,349.6549,2.212189,19.91626,NORTH,83.66188,SWIPE,50
396.9672,367.1051,2.31189,17.4502,NORTH,82.45312,SWIPE,50
401.291,392.8013,4.323761,25.69617,NORTH,80.44862,SWIPE,50
403.5204,407.6505,2.229431,14.84918,NORTH,81.46149,SWIPE,50
404.158,407.1111,0.6375732,-0.5393677,NORTH,81.46149,SWIPE,50
404.158,425.0087,0,17.89764,NORTH,90,SWIPE,50
404.158,431.4008,0,6.392029,NORTH,90,SWIPE,50
404.158,434.95,0,3.549255,NORTH,90,SWIPE,50
404.158,440.3495,0,5.399536,NORTH,90,SWIPE,50
404.158,440.3495,0,0,NORTH,90,SWIPE,50
400.4158,446.7416,-3.742188,6.392029,NORTHWEST,120.3467,SWIPE,50
394.1788,449.2983,-6.237,2.556763,WEST,157.7096,SWIPE,50
372.3831,451.8552,-21.79568,2.556824,WEST,173.3093,SWIPE,50
354.4243,451.8552,-17.95886,0,WEST,180,SWIPE,50
337.1005,451.0373,-17.32376,-0.8178711,WEST,-177.297,SWIPE,50
337.1005,451.0373,0,0,WEST,-177.297,SWIPE,50
294.8976,447.7941,-42.20294,-3.243225,WEST,-175.6056,SWIPE,50
271.3145,446.8001,-23.5831,-0.9939575,WEST,-177.5866,SWIPE,50
224.1738,442.9557,-47.14067,-3.84436,WEST,-175.3378,SWIPE,50
201.646,440.0495,-22.52783,-2.90625,WEST,-172.649,SWIPE,50
180.7972,437.7841,-20.84877,-2.265442,WEST,-173.7985,SWIPE,50
180.7972,437.7841,0,0,WEST,-173.7985,SWIPE,50
160.9148,437.7927,-19.88242,0.008666992,WEST,179.975,SWIPE,50
155.1643,437.7927,-5.750427,0,WEST,180,SWIPE,50
157.1726,437.7927,2.008224,0,EAST,0,SWIPE,50
150.9355,439.0712,-6.237015,1.278442,WEST,168.4162,SWIPE,50
143.1108,440.675,-7.824707,1.603821,WEST,168.4166,SWIPE,50
144.6985,440.3495,1.587708,-0.3254395,EAST,-11.58372,SWIPE,50
SEPARATE   holdFrame = 38
TOUCH   waitFrame = 63
439.0852,442.9064,0,0,EAST,-11.58372,TOUCH,50
439.0852,442.9064,0,0,EAST,-11.58372,SWIPE,50
439.0852,442.9064,0,0,EAST,-11.58372,SWIPE,50
439.0852,442.9064,0,0,EAST,-11.58372,SWIPE,50
439.0852,442.9064,0,0,EAST,-11.58372,SWIPE,50
431.6008,444.1848,-7.484406,1.278381,WEST,170.3071,SWIPE,50
424.1164,445.4631,-7.484406,1.278381,WEST,170.3071,SWIPE,50
413.5551,445.4631,-10.56128,0,WEST,180,SWIPE,50
372.5348,447.6813,-41.02032,2.218201,WEST,176.9047,SWIPE,50
353.3921,448.02,-19.1427,0.338623,WEST,178.9866,SWIPE,50
334.7108,449.6781,-18.68134,1.658142,WEST,174.9278,SWIPE,50
313.6194,450.5768,-21.09143,0.8986816,WEST,177.5602,SWIPE,50
293.7855,452.9179,-19.83389,2.341125,WEST,173.2681,SWIPE,50
273.107,455.1866,-20.67844,2.268677,WEST,173.739,SWIPE,50
232.6833,458.5148,-40.42369,3.328247,WEST,175.2932,SWIPE,50
225.7796,459.5256,-6.903717,1.010742,WEST,171.6708,SWIPE,50
206.5556,460.804,-19.22401,1.278381,WEST,176.1955,SWIPE,50
197.6222,461.4517,-8.933411,0.6477051,WEST,175.8531,SWIPE,50
183.368,463.3608,-14.25421,1.909119,WEST,172.3716,SWIPE,50
177.131,464.6392,-6.237,1.278381,WEST,168.4167,SWIPE,50
173.6279,465.3572,-3.503128,0.7180481,WEST,168.4163,SWIPE,50
170.894,465.9176,-2.733887,0.5603943,WEST,168.4159,SWIPE,50
168.1754,464.5245,-2.718521,-1.393097,SOUTHWEST,-152.8673,SWIPE,50
165.142,463.5265,-3.033432,-0.9980164,WEST,-161.7885,SWIPE,50
163.8896,460.0175,-1.252457,-3.508972,SOUTH,-109.643,SWIPE,50
162.0901,442.3153,-1.7995,-17.70221,SOUTH,-95.80441,SWIPE,50
161.924,429.7625,-0.1660767,-12.55286,SOUTH,-90.75799,SWIPE,50
163.4096,411.5374,1.48558,-18.2251,SOUTH,-85.33996,SWIPE,50
163.4096,390.1783,0,-21.35901,SOUTH,-90,SWIPE,50
162.3808,346.4864,-1.028732,-43.69196,SOUTH,-91.34879,SWIPE,50
161.4115,323.9919,-0.9693604,-22.49451,SOUTH,-92.46753,SWIPE,50
158.2919,281.9253,-3.119537,-42.06659,SOUTH,-94.24113,SWIPE,50
158.2919,281.9253,0,0,SOUTH,-94.24113,SWIPE,50
157.1726,269.6525,-1.11937,-12.27277,SOUTH,-95.21139,SWIPE,50
157.1726,247.3414,0,-22.3111,SOUTH,-90,SWIPE,50
157.1726,239.2422,0,-8.099243,SOUTH,-90,SWIPE,50
157.1726,232.6306,0,-6.611633,SOUTH,-90,SWIPE,50
156.4358,226.6246,-0.7368011,-6.005981,SOUTH,-96.99398,SWIPE,50
155.9252,219.186,-0.5106049,-7.438538,SOUTH,-93.9268,SWIPE,50
SEPARATE   holdFrame = 39
TOUCH   waitFrame = 57
177.131,449.2983,0,0,SOUTH,-93.9268,TOUCH,50
177.131,448.02,0,-1.278381,SOUTH,-90,SWIPE,50
177.131,448.02,0,0,SOUTH,-90,SWIPE,50
177.131,439.12,0,-8.899963,SOUTH,-90,SWIPE,50
177.131,433.7238,0,-5.39624,SOUTH,-90,SWIPE,50
176.0961,420.3596,-1.034836,-13.3642,SOUTH,-94.42777,SWIPE,50
173.8857,400.9578,-2.21048,-19.40179,SOUTH,-96.49978,SWIPE,50
171.7094,381.3936,-2.176315,-19.56421,SOUTH,-96.34747,SWIPE,50
172.1414,360.9451,0.4320221,-20.44843,SOUTH,-88.78967,SWIPE,50
173.3888,342.1006,1.247406,-18.84454,SOUTH,-86.21285,SWIPE,50
174.6362,323.8291,1.247391,-18.27148,SOUTH,-86.09449,SWIPE,50
175.8836,303.3651,1.247406,-20.46405,SOUTH,-86.5118,SWIPE,50
173.506,272.0812,-2.377533,-31.28387,SOUTH,-94.34605,SWIPE,50
172.5532,260.4928,-0.9528046,-11.58838,SOUTH,-94.70033,SWIPE,50
170.3178,250.0626,-2.235413,-10.43018,SOUTH,-102.0967,SWIPE,50
168.3992,238.5944,-1.918655,-11.4682,SOUTH,-99.49775,SWIPE,50
165.9595,233.418,-2.439651,-5.176392,SOUTHWEST,-115.2347,SWIPE,50
164.657,226.2846,-1.302551,-7.133423,SOUTH,-100.3481,SWIPE,50
164.657,223.9943,0,-2.290344,SOUTH,-90,SWIPE,50
164.657,223.0212,0,-0.9730225,SOUTH,-90,SWIPE,50
164.657,221.7428,0,-1.278442,SOUTH,-90,SWIPE,50
167.6207,219.186,2.96376,-2.556763,SOUTH,-90,SWIPE,50
173.072,216.7374,5.451233,-2.448608,SOUTHEAST,-24.18887,SWIPE,50
183.3602,215.7172,10.28821,-1.020203,EAST,-5.663069,SWIPE,50
193.2369,213.4614,9.876755,-2.255798,EAST,-12.86538,SWIPE,50
239.8496,212.794,46.6127,-0.6674194,EAST,-0.820328,SWIPE,50
261.8134,214.0724,21.96382,1.278381,EAST,3.331083,SWIPE,50
284.2359,215.3508,22.42242,1.278442,EAST,3.263257,SWIPE,50
284.2359,215.3508,0,0,EAST,3.263257,SWIPE,50
304.6274,215.8068,20.39154,0.4559326,EAST,1.280858,SWIPE,50
343.4309,217.9076,38.80353,2.10083,EAST,3.098979,SWIPE,50
350.6371,217.9076,7.206116,0,EAST,0,SWIPE,50
358.9049,219.7365,8.267822,1.828857,EAST,12.47308,SWIPE,50
365.0653,219.186,6.160461,-0.550415,EAST,-5.105615,SWIPE,50
373.8927,219.186,8.827332,0,EAST,0,SWIPE,50
375.4678,219.186,1.575104,0,EAST,0,SWIPE,50
375.4678,219.186,0,0,EAST,0,SWIPE,50
375.4678,219.186,0,0,EAST,0,SWIPE,50
SEPARATE   holdFrame = 38
TOUCH   waitFrame = 228
420.3742,-48,0,0,EAST,0,TOUCH,50
420.3742,-48,0,0,EAST,0,SWIPE,50
420.3742,-48,0,0,EAST,0,SWIPE,50
420.3742,-48,0,0,EAST,0,SWIPE,50
420.3742,-48,0,0,EAST,0,SWIPE,50
SEPARATE   holdFrame = 5
TOUCH   waitFrame = 35
385.447,-48,0,0,EAST,0,TOUCH,50
386.6944,-48,1.247406,0,EAST,0,SWIPE,50
386.6944,-48,0,0,EAST,0,SWIPE,50
386.6944,-48,0,0,EAST,0,SWIPE,50
386.6944,-48,0,0,EAST,0,SWIPE,50
386.6944,-48,0,0,EAST,0,SWIPE,50
386.6944,-48,0,0,EAST,0,SWIPE,50
SEPARATE   holdFrame = 7
TOUCH   waitFrame = 22
381.7048,-48,0,0,EAST,0,TOUCH,50
382.9522,-48,1.247406,0,EAST,0,SWIPE,50
382.9522,-48,0,0,EAST,0,SWIPE,50
382.9522,-48,0,0,EAST,0,SWIPE,50
382.9522,-48,0,0,EAST,0,SWIPE,50
382.9522,-48,0,0,EAST,0,SWIPE,50
382.9522,-48,0,0,EAST,0,SWIPE,50
SEPARATE   holdFrame = 7
TOUCH   waitFrame = 19
431.6008,-48,0,0,EAST,0,TOUCH,50
431.6008,-48,0,0,EAST,0,SWIPE,50
431.6008,-48,0,0,EAST,0,SWIPE,50
SEPARATE   holdFrame = 3
TOUCH   waitFrame = 21
447.817,-48,0,0,EAST,0,TOUCH,50
449.0645,-48,1.247406,0,EAST,0,SWIPE,50
449.0645,-48,0,0,EAST,0,SWIPE,50
449.0645,-48,0,0,EAST,0,SWIPE,50
449.0645,-48,0,0,EAST,0,SWIPE,50
SEPARATE   holdFrame = 5
TOUCH   waitFrame = 15
395.4262,-48,0,0,EAST,0,TOUCH,50
395.4262,-48,0,0,EAST,0,SWIPE,50
395.4262,-48,0,0,EAST,0,SWIPE,50
395.4262,-48,0,0,EAST,0,SWIPE,50
395.4262,-48,0,0,EAST,0,SWIPE,50
395.4262,-48,0,0,EAST,0,SWIPE,50
SEPARATE   holdFrame = 6
TOUCH   waitFrame = 13
348.0249,-48,0,0,EAST,0,TOUCH,50
348.0249,-48,0,0,EAST,0,SWIPE,50
348.0249,-48,0,0,EAST,0,SWIPE,50
348.0249,-48,0,0,EAST,0,SWIPE,50
348.0249,-48,0,0,EAST,0,SWIPE,50
348.0249,-48,0,0,EAST,0,SWIPE,50
SEPARATE   holdFrame = 6
