260.5681,192.3396,0,0,CENTER,0,TOUCH
320.5821,173.1636,60.01398,-19.17603,EAST,-17.72003,SWIPE
314.3451,249.8677,0,0,EAST,-17.72003,TOUCH
314.3451,248.5892,0,-1.278442,SOUTH,-90,SWIPE
314.3451,248.5892,0,0,SOUTH,-90,SWIPE
343.0353,347.0262,0,0,SOUTH,-90,TOUCH
340.289,345.1849,-2.746368,-1.84137,SOUTHWEST,-146.1592,SWIPE
329.0037,339.6763,-11.28531,-5.508545,SOUTHWEST,-153.9822,SWIPE
311.5562,332.8507,-17.44748,-6.825623,WEST,-158.6341,SWIPE
296.2885,324.9895,-15.26773,-7.861206,SOUTHWEST,-152.7565,SWIPE
282.5006,316.4205,-13.78784,-8.56897,SOUTHWEST,-148.1396,SWIPE
256.2771,294.0245,-26.22351,-22.39606,SOUTHWEST,-139.5012,SWIPE
241.6059,283.6919,-14.67125,-10.33258,SOUTHWEST,-144.844,SWIPE
231.3874,274.7908,-10.21848,-8.901062,SOUTHWEST,-138.9417,SWIPE
227.3707,269.7047,-4.016632,-5.086182,SOUTHWEST,-128.2987,SWIPE
224.5322,266.321,-2.838516,-3.383667,SOUTHWEST,-129.9929,SWIPE
220.9234,260.3682,-3.608841,-5.952759,SOUTHWEST,-121.2262,SWIPE
218.7246,253.7446,-2.198776,-6.623596,SOUTH,-108.3642,SWIPE
216.5499,247.5686,-2.174728,-6.176025,SOUTH,-109.3984,SWIPE
213.1189,236.5095,-3.430984,-11.05908,SOUTH,-107.2361,SWIPE
212.0582,229.9168,-1.060684,-6.592712,SOUTH,-99.13984,SWIPE
212.0582,223.2283,0,-6.688538,SOUTH,-90,SWIPE
212.0582,216.4722,0,-6.756042,SOUTH,-90,SWIPE
212.0582,208.5506,0,-7.921631,SOUTH,-90,SWIPE
213.132,200.7217,1.073792,-7.828857,SOUTH,-82.19015,SWIPE
218.5852,188.4006,5.453217,-12.32117,SOUTHEAST,-66.12634,SWIPE
221.2706,180.6349,2.685349,-7.765686,SOUTH,-70.92479,SWIPE
236.939,163.0742,15.66841,-17.56067,SOUTHEAST,-48.25924,SWIPE
244.3309,158.5438,7.391968,-4.530457,SOUTHEAST,-31.50368,SWIPE
251.3004,154.0223,6.969437,-4.521423,SOUTHEAST,-32.9735,SWIPE
257.8597,151.9772,6.559326,-2.045166,EAST,-17.31722,SWIPE
280.1029,147.5955,22.24316,-4.381653,EAST,-11.14394,SWIPE
291.8867,146.3171,11.78387,-1.278442,EAST,-6.19185,SWIPE
302.3144,148.1731,10.42767,1.856018,EAST,10.09237,SWIPE
313.6451,153.6288,11.33066,5.455688,NORTHEAST,25.71072,SWIPE
327.1054,160.5556,13.46036,6.926819,NORTHEAST,27.23075,SWIPE
353.7672,183.3943,26.66177,22.83875,NORTHEAST,40.58369,SWIPE
373.7648,214.2142,19.99759,30.81982,NORTHEAST,57.02229,SWIPE
381.4409,227.504,7.676147,13.28979,NORTHEAST,59.9894,SWIPE
385.0889,238.5394,3.647919,11.03546,NORTH,71.70802,SWIPE
390.3791,252.8574,5.290222,14.31799,NORTH,69.7217,SWIPE
397.975,287.3843,7.595947,34.52692,NORTH,77.59254,SWIPE
399.1684,290.7765,1.193359,3.392151,NORTH,70.61812,SWIPE
397.7188,305.6679,-1.449615,14.89142,NORTH,95.55998,SWIPE
396.6736,309.9525,-1.045197,4.284607,NORTH,103.7091,SWIPE
385.447,336.799,-11.22659,26.84644,NORTHWEST,112.6936,SWIPE
351.7672,355.975,-33.67984,19.17609,NORTHWEST,150.3444,SWIPE
348.0249,332.9637,0,0,NORTHWEST,150.3444,TOUCH
348.0249,332.9637,0,0,NORTHWEST,150.3444,SWIPE
348.0249,332.9637,0,0,NORTHWEST,150.3444,SWIPE
341.2994,329.6471,-6.725525,-3.31665,SOUTHWEST,-153.7501,SWIPE
270.341,285.0319,-70.9584,-44.61523,SOUTHWEST,-147.8403,SWIPE
238.5845,262.2667,-31.75655,-22.76514,SOUTHWEST,-144.3646,SWIPE
176.4138,203.7258,-62.17064,-58.54089,SOUTHWEST,-136.7223,SWIPE
165.0287,192.7206,-11.38509,-11.00525,SOUTHWEST,-135.9719,SWIPE
153.8619,178.1293,-11.16684,-14.59131,SOUTHWEST,-127.4271,SWIPE
147.2109,165.5112,-6.65097,-12.6181,SOUTHWEST,-117.7936,SWIPE
144.3945,159.4448,-2.816406,-6.066406,SOUTHWEST,-114.9037,SWIPE
143.4511,153.9955,-0.9433746,-5.44928,SOUTH,-99.82166,SWIPE
145.2936,145.0974,1.842468,-8.898071,SOUTH,-78.30145,SWIPE
148.9881,145.0387,3.694458,-0.05871582,EAST,-0.910522,SWIPE
166.8137,142.5252,17.82559,-2.513489,EAST,-8.026051,SWIPE
184.0118,146.4048,17.19818,3.879578,EAST,12.71205,SWIPE
202.4499,153.4755,18.4381,7.07074,EAST,20.98109,SWIPE
253.6516,169.4383,51.20163,15.96277,EAST,17.31554,SWIPE
253.6516,169.4383,0,0,EAST,17.31554,SWIPE
303.7922,181.1295,50.14067,11.69116,EAST,13.125,SWIPE
328.6727,185.1906,24.88046,4.061096,EAST,9.270313,SWIPE
351.8991,190.5904,23.22638,5.399841,EAST,13.08805,SWIPE
371.7688,194.9062,19.86972,4.315796,EAST,12.25456,SWIPE
415.0569,208.6024,43.28806,13.69617,EAST,17.55716,SWIPE
433.9493,216.7328,18.89246,8.130432,NORTHEAST,23.28479,SWIPE
440.3326,219.186,6.383331,2.453247,EAST,21.02281,SWIPE
37.42204,118.1923,0,0,EAST,21.02281,TOUCH
37.42204,118.1923,0,0,EAST,21.02281,SWIPE
37.42204,118.1923,0,0,EAST,21.02281,SWIPE
37.42204,117.091,0,-1.101257,SOUTH,-90,SWIPE
43.18097,116.0775,5.758938,-1.013489,EAST,-9.981016,SWIPE
52.89592,114.6106,9.714951,-1.466919,EAST,-8.58657,SWIPE
63.4083,112.049,10.51238,-2.561584,EAST,-13.69456,SWIPE
83.37774,108.2943,19.96944,-3.754761,EAST,-10.64873,SWIPE
133.8437,105.4082,50.46597,-2.886047,EAST,-3.273066,SWIPE
160.4641,105.4082,26.62038,0,EAST,0,SWIPE
211.2733,107.7332,50.80925,2.325012,EAST,2.620006,SWIPE
237.5325,110.5219,26.25922,2.788635,EAST,6.061888,SWIPE
265.347,111.8002,27.8145,1.278381,EAST,2.631518,SWIPE
292.6904,111.8002,27.34332,0,EAST,0,SWIPE
319.4861,113.0916,26.79575,1.291321,EAST,2.759022,SWIPE
342.1396,114.0411,22.6535,0.949585,EAST,2.400308,SWIPE
360.3409,117.6212,18.20123,3.580078,EAST,11.1277,SWIPE
374.318,122.1275,13.97714,4.506287,EAST,17.86953,SWIPE
379.6332,129.9204,5.315186,7.792908,NORTHEAST,55.70389,SWIPE
383.7022,146.074,4.069,16.15363,NORTH,75.86167,SWIPE
388.1676,193.0224,4.465393,46.94836,NORTH,84.56678,SWIPE
393.9902,247.0432,5.822662,54.02075,NORTH,83.84808,SWIPE
402.0426,296.5164,8.052368,49.47321,NORTH,80.75548,SWIPE
417.3554,348.0399,15.31277,51.52356,NORTH,73.44807,SWIPE
434.0956,401.9975,16.74026,53.95758,NORTH,72.76357,SWIPE
103.5343,99.01624,0,0,NORTH,72.76357,TOUCH
103.5343,99.01624,0,0,NORTH,72.76357,SWIPE
103.5343,99.01624,0,0,NORTH,72.76357,SWIPE
107.2389,97.73779,3.704559,-1.278442,EAST,-19.03954,SWIPE
114.6179,97.73779,7.37899,0,EAST,0,SWIPE
133.0925,99.01624,18.47465,1.278442,EAST,3.958547,SWIPE
156.7561,102.464,23.66356,3.447754,EAST,8.289601,SWIPE
210.0516,110.2439,53.29553,7.779907,EAST,8.305189,SWIPE
240.0536,111.8407,30.00203,1.596802,EAST,3.046586,SWIPE
288.0592,111.8002,48.00562,-0.04046631,EAST,-0.04829744,SWIPE
313.6493,111.8002,25.59003,0,EAST,0,SWIPE
341.0449,111.8002,27.39563,0,EAST,0,SWIPE
365.1568,111.8002,24.11194,0,EAST,0,SWIPE
411.1342,111.3162,45.97742,-0.4840088,EAST,-0.603136,SWIPE
427.5906,111.8002,16.45633,0.4840088,EAST,1.684681,SWIPE
430.7576,111.8002,3.167053,0,EAST,0,SWIPE
437.4819,117.4628,6.724304,5.662537,NORTHEAST,40.10073,SWIPE
439.6925,127.0062,2.210541,9.543457,NORTH,76.95863,SWIPE
440.3326,146.7578,0.6401672,19.75159,NORTH,88.14364,SWIPE
440.3326,172.248,0,25.49023,NORTH,90,SWIPE
439.7806,265.671,-0.5520325,93.42291,NORTH,90.33855,SWIPE
440.3326,300.102,0.5520325,34.43103,NORTH,89.08146,SWIPE
444.2802,353.3873,3.947571,53.28528,NORTH,85.76306,SWIPE
447.817,417.3383,3.536835,63.95105,NORTH,86.83447,SWIPE
128.4823,76.005,0,0,NORTH,86.83447,TOUCH
128.4823,74.72656,0,-1.278442,SOUTH,-90,SWIPE
130.4764,76.005,1.994049,1.278442,NORTHEAST,32.6651,SWIPE
134.4389,76.005,3.962494,0,EAST,0,SWIPE
151.1797,78.7146,16.74083,2.709595,EAST,9.193904,SWIPE
174.7361,82.18317,23.55644,3.468567,EAST,8.376324,SWIPE
237.2653,93.19421,62.52911,11.01105,EAST,9.987094,SWIPE
272.11,98.10291,34.84476,4.908691,EAST,8.018672,SWIPE
299.093,99.01624,26.98297,0.9133301,EAST,1.93863,SWIPE
346.1348,104.8111,47.04184,5.794861,EAST,7.022616,SWIPE
371.8523,106.6866,25.71747,1.875549,EAST,4.17114,SWIPE
396.2369,107.1533,24.38461,0.4666138,EAST,1.096254,SWIPE
417.0338,107.965,20.79691,0.8117676,EAST,2.235297,SWIPE
437.9194,108.8452,20.88559,0.880127,EAST,2.413039,SWIPE
444.5686,109.2434,6.6492,0.3982544,EAST,3.42764,SWIPE
448.392,112.0948,3.823395,2.85144,NORTHEAST,36.71512,SWIPE
455.0478,121.2474,6.655762,9.152588,NORTHEAST,53.97535,SWIPE
454.5813,131.6215,-0.4664307,10.37402,NORTH,92.57436,SWIPE
452.3996,155.6027,-2.181763,23.9812,NORTH,95.19835,SWIPE
450.2115,186.2119,-2.188049,30.60925,NORTH,94.08873,SWIPE
445.6894,240.6536,-4.522125,54.44171,NORTH,94.7483,SWIPE
444.0748,290.2737,-1.614563,49.62012,NORTH,91.86366,SWIPE
444.5799,331.2618,0.5050964,40.9881,NORTH,89.29398,SWIPE
449.0223,397.5143,4.442383,66.25244,NORTH,86.16393,SWIPE
451.5592,414.7815,2.536926,17.26721,NORTH,81.64182,SWIPE
144.6985,99.01624,0,0,NORTH,81.64182,TOUCH
148.4704,99.01624,3.771896,0,EAST,0,SWIPE
183.4183,102.7151,34.94783,3.698853,EAST,6.041651,SWIPE
211.117,104.9741,27.69868,2.258972,EAST,4.662451,SWIPE
249.9753,108.4121,38.85832,3.438049,EAST,5.056165,SWIPE
342.6633,114.4149,92.68802,6.002808,EAST,3.705505,SWIPE
367.5202,114.3571,24.85693,-0.05786133,EAST,-0.1333714,SWIPE
398.0891,115.0587,30.56891,0.7015991,EAST,1.314787,SWIPE
454.2647,116.9138,56.1756,1.855164,EAST,1.891469,SWIPE
476.287,118.0251,22.02225,1.111328,EAST,2.888917,SWIPE
490.1455,119.4706,13.85849,1.445496,EAST,5.954646,SWIPE
496.2632,119.4706,6.117706,0,EAST,0,SWIPE
503.8885,121.9644,7.625305,2.493713,EAST,18.10936,SWIPE
506.1051,125.5144,2.216644,3.550049,NORTHEAST,58.01942,SWIPE
504.8698,149.3403,-1.235382,23.82587,NORTH,92.96815,SWIPE
500.1194,172.3384,-4.750305,22.99811,NORTH,101.6704,SWIPE
494.6612,201.5862,-5.458221,29.2478,NORTH,100.5709,SWIPE
486.2772,251.9009,-8.384003,50.3147,NORTH,99.46035,SWIPE
481.0263,303.4379,-5.250885,51.53699,NORTH,95.81755,SWIPE
480.2495,371.2847,-0.7768555,67.84686,NORTH,90.65601,SWIPE
480.2495,405.8051,0,34.52039,NORTH,90,SWIPE
480.2495,445.4631,0,39.65802,NORTH,90,SWIPE
148.4408,99.01624,0,0,NORTH,90,TOUCH
158.1102,99.01624,9.669403,0,EAST,0,SWIPE
179.4374,102.0457,21.32721,3.02948,EAST,8.084644,SWIPE
200.2539,106.579,20.81653,4.533264,EAST,12.28562,SWIPE
227.6913,111.0614,27.43745,4.482422,EAST,9.278374,SWIPE
299.5287,121.0816,71.83734,10.0202,EAST,7.940646,SWIPE
348.9525,127.3799,49.42383,6.298279,EAST,7.262291,SWIPE
370.095,130.7081,21.14252,3.328247,EAST,8.946065,SWIPE
395.3198,132.9421,25.22479,2.233948,EAST,5.061002,SWIPE
436.0496,137.4588,40.72974,4.516724,EAST,6.32796,SWIPE
444.9063,139.7119,8.856689,2.253113,EAST,14.27309,SWIPE
450.1031,142.7654,5.196808,3.053467,NORTHEAST,30.43704,SWIPE
454.2054,148.7064,4.102386,5.940979,NORTHEAST,55.374,SWIPE
459.0436,172.0826,4.838196,23.37628,NORTH,78.30658,SWIPE
458.2241,200.7021,-0.8195496,28.61945,NORTH,91.64028,SWIPE
453.7798,288.3201,-4.444336,87.61798,NORTH,92.90379,SWIPE
455.3082,347.2608,1.528442,58.94073,NORTH,88.51455,SWIPE
459.7461,410.7979,4.437897,63.53711,NORTH,86.00453,SWIPE
462.7859,435.236,3.039764,24.43805,NORTH,82.9096,SWIPE
198.3368,147.5955,0,0,NORTH,82.9096,TOUCH
198.3368,147.5955,0,0,NORTH,82.9096,SWIPE
198.3368,147.5955,0,0,NORTH,82.9096,SWIPE
199.5842,147.5955,1.247406,0,EAST,0,SWIPE
202.161,147.5955,2.576767,0,EAST,0,SWIPE
218.8769,146.3171,16.71591,-1.278442,EAST,-4.373499,SWIPE
235.2884,146.3171,16.41151,0,EAST,0,SWIPE
253.4594,143.5702,18.17104,-2.746887,EAST,-8.596229,SWIPE
272.372,138.8309,18.91255,-4.739319,EAST,-14.06812,SWIPE
292.555,135.5127,20.18304,-3.318176,EAST,-9.336147,SWIPE
308.6757,130.9927,16.12064,-4.519958,EAST,-15.66261,SWIPE
324.5536,126.3434,15.87799,-4.649353,EAST,-16.32095,SWIPE
352.789,124.7999,28.23532,-1.543518,EAST,-3.129029,SWIPE
360.4182,124.5842,7.629242,-0.2156372,EAST,-1.619009,SWIPE
366.572,124.5842,6.153748,0,EAST,0,SWIPE
371.0323,124.5842,4.460327,0,EAST,0,SWIPE
372.9618,124.5842,1.929474,0,EAST,0,SWIPE
374.2204,124.5842,1.258606,0,EAST,0,SWIPE
375.4678,124.5842,1.247406,0,EAST,0,SWIPE
376.8847,127.4885,1.416931,2.904297,NORTHEAST,63.99345,SWIPE
377.9626,130.9763,1.077881,3.487732,NORTH,72.82628,SWIPE
380.4574,151.1639,2.494781,20.18762,NORTH,82.95512,SWIPE
384.1292,169.04,3.671875,17.8761,NORTH,78.3925,SWIPE
384.1996,187.5639,0.07034302,18.52393,NORTH,89.78242,SWIPE
387.9418,224.6476,3.742188,37.08368,NORTH,84.23768,SWIPE
388.6586,234.9371,0.7167969,10.28949,NORTH,86.01504,SWIPE
391.684,251.1461,3.025421,16.20898,NORTH,79.42735,SWIPE
396.6736,274.1573,4.989594,23.01123,NORTH,77.76578,SWIPE
