TOUCH   waitFrame = 42
217.0478,234.5269,0,0,CENTER,0,TOUCH,-1
214.553,236.4445,-2.494812,1.917603,CENTER,0,SWIPE,-1
222.0374,244.7541,7.484406,8.309601,NORTHEAST,47.99084,SWIPE,-1
232.0166,251.1461,9.979218,6.391998,NORTHEAST,32.64082,SWIPE,45
229.5218,251.1461,-2.494812,0,WEST,180,SWIPE,45
229.5218,251.1461,0,0,WEST,180,SWIPE,45
229.5218,251.1461,0,0,WEST,180,SWIPE,45
228.0509,249.6386,-1.470917,-1.507446,SOUTHWEST,-134.2973,SWIPE,45
228.2744,249.8677,0.223526,0.2290649,SOUTHWEST,-134.2973,SWIPE,45
SEPARATE   holdFrame = 9
TOUCH   waitFrame = 2
232.0166,248.5892,0,0,SOUTHWEST,-134.2973,TOUCH,45
232.0166,247.642,0,-0.9472046,SOUTHWEST,-134.2973,SWIPE,45
232.0166,247.3109,0,-0.3311768,SOUTHWEST,-134.2973,SWIPE,45
SEPARATE   holdFrame = 3
TOUCH   waitFrame = 72
129.7297,164.2147,0,0,SOUTHWEST,-134.2973,TOUCH,52
130.9771,164.2147,1.247391,0,EAST,0,SWIPE,52
132.2245,164.2147,1.247406,0,EAST,0,SWIPE,52
133.0592,164.2147,0.8346252,0,EAST,0,SWIPE,52
141.8732,162.6231,8.814041,-1.591614,EAST,-10.236,SWIPE,52
156.0361,162.9363,14.16286,0.3132324,EAST,1.266974,SWIPE,52
173.5726,161.658,17.53656,-1.278381,EAST,-4.169377,SWIPE,52
203.7568,159.2058,30.18416,-2.452148,EAST,-4.644485,SWIPE,52
250.1237,157.8228,46.36694,-1.383057,EAST,-1.708541,SWIPE,52
273.349,157.8228,23.22531,0,EAST,0,SWIPE,52
314.6505,159.1011,41.30145,1.278381,EAST,1.772879,SWIPE,52
336.9805,157.6896,22.33002,-1.41156,EAST,-3.617058,SWIPE,52
355.841,156.6616,18.8605,-1.027954,EAST,-3.119705,SWIPE,52
377.6569,154.7051,21.81589,-1.956543,EAST,-5.124822,SWIPE,52
394.7655,153.719,17.10864,-0.986084,EAST,-3.298685,SWIPE,52
401.7081,153.9875,6.942535,0.2685547,EAST,2.21524,SWIPE,52
413.8158,152.7091,12.1077,-1.278442,EAST,-6.027483,SWIPE,52
418.7993,152.7091,4.98349,0,EAST,0,SWIPE,50
420.5367,152.7091,1.737488,0,EAST,0,SWIPE,50
425.0004,157.9837,4.463654,5.274597,NORTHEAST,49.76027,SWIPE,50
427.8586,162.9363,2.858215,4.952637,NORTHEAST,60.01034,SWIPE,50
427.8586,169.3284,0,6.392029,NORTH,90,SWIPE,50
424.5759,187.8991,-3.282684,18.57074,NORTH,100.0244,SWIPE,50
418.6099,225.2328,-5.966064,37.33374,NORTH,99.07931,SWIPE,50
416.4164,243.965,-2.193451,18.73212,NORTH,96.67868,SWIPE,50
415.3846,263.5864,-1.031799,19.6214,NORTH,93.01015,SWIPE,50
412.8898,274.1573,-2.494812,10.57092,NORTH,103.2792,SWIPE,50
411.6424,301.4987,-1.247406,27.34143,NORTH,92.61221,SWIPE,50
411.6424,307.1089,0,5.610168,NORTH,90,SWIPE,50
409.1476,322.7366,-2.494781,15.62769,NORTH,99.07008,SWIPE,50
409.1476,329.1285,0,6.391968,NORTH,90,SWIPE,50
409.1476,329.1285,0,0,NORTH,90,SWIPE,50
SEPARATE   holdFrame = 32
TOUCH   waitFrame = 36
419.1268,155.2659,0,0,NORTH,90,TOUCH,50
419.1268,155.2659,0,0,NORTH,90,SWIPE,50
419.1268,155.2659,0,0,NORTH,90,SWIPE,54
415.3846,161.658,-3.742218,6.392029,NORTHWEST,120.3469,SWIPE,54
411.6424,168.0499,-3.742218,6.391968,NORTHWEST,120.3471,SWIPE,54
409.1476,209.2615,-2.494781,41.21155,NORTH,93.46423,SWIPE,54
410.4328,228.4446,1.285187,19.18311,NORTH,86.16715,SWIPE,54
417.6762,274.3154,7.243439,45.87085,NORTH,81.02656,SWIPE,54
424.3832,297.2278,6.707001,22.91235,NORTH,73.68398,SWIPE,54
435.3388,344.4478,10.95557,47.22003,NORTH,76.93785,SWIPE,54
439.7803,363.6552,4.441528,19.20734,NORTH,76.97971,SWIPE,54
442.2908,378.0646,2.510437,14.40942,NORTH,80.11702,SWIPE,54
444.0748,394.3271,1.784058,16.26251,NORTH,83.73948,SWIPE,54
443.1856,405.2757,-0.8891907,10.94861,NORTH,94.64308,SWIPE,54
442.8275,407.1111,-0.3581848,1.835388,NORTH,101.0428,SWIPE,54
437.9673,415.4126,-4.860138,8.301514,NORTHWEST,120.3469,SWIPE,54
426.4409,415.876,-11.52646,0.4633789,WEST,177.6979,SWIPE,54
418.7962,416.0599,-7.644653,0.18396,WEST,178.6215,SWIPE,54
401.2054,416.0599,-17.59079,0,WEST,180,SWIPE,54
360.2458,414.7815,-40.95959,-1.278442,WEST,-178.2122,SWIPE,54
342.4184,413.5031,-17.82739,-1.278381,WEST,-175.8984,SWIPE,54
319.3915,412.7419,-23.02695,-0.7612305,WEST,-178.1066,SWIPE,54
273.3803,408.1543,-46.01117,-4.587585,WEST,-174.3061,SWIPE,54
248.3634,407.1111,-25.01691,-1.043213,WEST,-177.6121,SWIPE,54
227.3785,406.1244,-20.98488,-0.9866943,WEST,-177.308,SWIPE,54
184.7366,402.8635,-42.64197,-3.260864,WEST,-175.6271,SWIPE,54
178.3784,403.2759,-6.358185,0.4123535,WEST,176.2893,SWIPE,54
161.6818,401.9975,-16.69661,-1.278381,WEST,-175.6217,SWIPE,54
156.8351,401.417,-4.846619,-0.5805054,WEST,-173.1699,SWIPE,54
153.4304,400.7191,-3.404785,-0.697876,WEST,-168.4166,SWIPE,54
SEPARATE   holdFrame = 30
TOUCH   waitFrame = 32
449.0645,405.8327,0,0,WEST,-168.4166,TOUCH,50
449.0645,405.8327,0,0,WEST,-168.4166,SWIPE,50
449.0645,405.8327,0,0,WEST,-168.4166,SWIPE,50
441.8537,407.8481,-7.210754,2.015442,WEST,164.3841,SWIPE,50
425.4901,413.0339,-16.36365,5.18573,WEST,162.4163,SWIPE,50
397.5112,418.3715,-27.97885,5.337585,WEST,169.1993,SWIPE,50
357.4505,424.9928,-40.06067,6.621338,WEST,170.6149,SWIPE,50
338.892,427.9365,-18.5585,2.943726,WEST,170.9869,SWIPE,50
293.6049,433.782,-45.28717,5.845459,WEST,172.6452,SWIPE,50
272.6222,434.7819,-20.98264,0.9998779,WEST,177.2718,SWIPE,50
229.5218,436.5143,-43.1004,1.732483,WEST,177.6982,SWIPE,50
225.8775,436.5143,-3.644363,0,WEST,180,SWIPE,50
218.7211,436.5143,-7.156326,0,WEST,180,SWIPE,50
208.316,436.5143,-10.40512,0,WEST,180,SWIPE,50
189.4823,434.1497,-18.83371,-2.364685,WEST,-172.8436,SWIPE,50
185.0827,431.8797,-4.399582,-2.269958,SOUTHWEST,-152.7086,SWIPE,50
178.1152,421.6429,-6.967468,-10.23676,SOUTHWEST,-124.2405,SWIPE,50
174.6692,409.7694,-3.44606,-11.87354,SOUTH,-106.1843,SWIPE,50
168.3992,373.0025,-6.27002,-36.76691,SOUTH,-99.6778,SWIPE,50
166.736,352.1404,-1.663147,-20.86212,SOUTH,-94.55804,SWIPE,50
165.9044,331.6382,-0.831665,-20.50214,SOUTH,-92.32291,SWIPE,50
165.9044,284.5287,0,-47.10956,SOUTH,-90,SWIPE,50
165.9044,261.8557,0,-22.67297,SOUTH,-90,SWIPE,50
164.657,217.921,-1.247391,-43.93469,SOUTH,-91.6263,SWIPE,50
163.6725,199.3397,-0.9844513,-18.58136,SOUTH,-93.03273,SWIPE,50
162.7119,185.1896,-0.9606171,-14.15002,SOUTH,-93.88374,SWIPE,50
160.5116,166.0225,-2.200348,-19.16718,SOUTH,-96.54876,SWIPE,50
160.9148,150.1523,0.4032135,-15.87018,SOUTH,-88.5446,SWIPE,50
SEPARATE   holdFrame = 28
TOUCH   waitFrame = 36
160.9148,405.8327,0,0,SOUTH,-88.5446,TOUCH,46
160.9148,405.8327,0,0,SOUTH,-88.5446,SWIPE,46
161.6624,403.0219,0.7476501,-2.810852,SOUTH,-75.10494,SWIPE,46
163.8784,400.2386,2.216034,-2.783264,SOUTH,-75.10494,SWIPE,46
165.8509,379.4245,1.972458,-20.81409,SOUTH,-84.5865,SWIPE,46
168.3992,361.2817,2.548264,-18.14276,SOUTH,-82.00475,SWIPE,46
168.3992,361.2817,0,0,SOUTH,-82.00475,SWIPE,46
168.3992,324.6702,0,-36.61157,SOUTH,-90,SWIPE,46
165.677,301.117,-2.722183,-23.55316,SOUTH,-96.59277,SWIPE,46
164.657,276.0441,-1.02002,-25.07294,SOUTH,-92.32963,SWIPE,46
160.4893,250.6657,-4.167633,-25.37836,SOUTH,-99.32587,SWIPE,46
155.6827,207.2192,-4.806656,-43.44647,SOUTH,-96.31319,SWIPE,46
154.6777,195.0489,-1.004929,-12.17035,SOUTH,-94.72031,SWIPE,46
154.6777,186.9389,0,-8.109985,SOUTH,-90,SWIPE,46
156.2639,170.8437,1.586136,-16.09521,SOUTH,-84.37185,SWIPE,46
157.1726,165.4771,0.9086761,-5.366577,SOUTH,-80.38975,SWIPE,46
160.3742,159.6551,3.201675,-5.822021,SOUTHEAST,-61.1925,SWIPE,46
170.9832,156.0877,10.60895,-3.567383,EAST,-18.58582,SWIPE,46
184.0047,155.2659,13.02153,-0.8217773,EAST,-3.611098,SWIPE,46
215.91,158.7288,31.90524,3.462891,EAST,6.194448,SWIPE,46
236.4472,161.0261,20.53722,2.297302,EAST,6.382599,SWIPE,46
256.6644,163.2891,20.21719,2.262939,EAST,6.386615,SWIPE,46
300.4005,165.4932,43.73611,2.204102,EAST,2.885006,SWIPE,52
323.6061,165.4932,23.20566,0,EAST,0,SWIPE,52
366.6866,164.2147,43.08044,-1.278442,EAST,-1.699794,SWIPE,52
386.588,162.9363,19.90146,-1.278381,EAST,-3.675377,SWIPE,52
413.104,161.658,26.51593,-1.278381,EAST,-2.760197,SWIPE,52
422.869,159.1011,9.765045,-2.556824,EAST,-14.67261,SWIPE,52
SEPARATE   holdFrame = 28
